0 0.333984 0.388021 0.317383 0.407552 0.308594 0.434896 0.310547 0.471354 0.325195 0.505208 0.344727 0.526042 0.374023 0.537760 0.401367 0.532552 0.420898 0.515625 0.432617 0.486979 0.433594 0.455729 0.428711 0.434896 0.418945 0.414062 0.397461 0.390625 0.375977 0.380208 0.350586 0.380208
0 0.458008 0.441406 0.451172 0.462240 0.455078 0.493490 0.463867 0.510417 0.481445 0.529948 0.500977 0.541667 0.529297 0.546875 0.551758 0.540365 0.569336 0.520833 0.574219 0.503906 0.570312 0.472656 0.558594 0.451823 0.540039 0.433594 0.516602 0.421875 0.496094 0.419271 0.476562 0.424479
0 0.814453 0.144531 0.802734 0.130208 0.786133 0.122396 0.761719 0.122396 0.743164 0.130208 0.725586 0.145833 0.714844 0.162760 0.708984 0.186198 0.710938 0.204427 0.722656 0.225260 0.739258 0.235677 0.767578 0.236979 0.788086 0.227865 0.803711 0.213542 0.817383 0.188802 0.820312 0.165365
0 0.299805 0.372396 0.295898 0.365885 0.283203 0.359375 0.268555 0.359375 0.249023 0.367188 0.232422 0.380208 0.220703 0.395833 0.214844 0.410156 0.214844 0.427083 0.219727 0.436198 0.231445 0.442708 0.247070 0.442708 0.266602 0.434896 0.282227 0.423177 0.298828 0.398438 0.301758 0.386719
0 0.039062 0.481771 0.040039 0.493490 0.048828 0.507812 0.072266 0.518229 0.088867 0.518229 0.104492 0.513021 0.118164 0.502604 0.125000 0.488281 0.124023 0.475260 0.117188 0.463542 0.104492 0.454427 0.091797 0.450521 0.075195 0.450521 0.059570 0.455729 0.045898 0.466146
0 0.467773 0.747396 0.460938 0.753906 0.455078 0.770833 0.454102 0.789062 0.456055 0.802083 0.462891 0.821615 0.468750 0.829427 0.477539 0.835938 0.487305 0.835938 0.494141 0.829427 0.499023 0.817708 0.500977 0.805990 0.499023 0.781250 0.494141 0.765625 0.486328 0.753906 0.477539 0.747396
0 0.500977 0.296875 0.497070 0.304688 0.496094 0.319010 0.500000 0.334635 0.505859 0.346354 0.514648 0.358073 0.529297 0.368490 0.539062 0.369792 0.547852 0.364583 0.551758 0.356771 0.552734 0.342448 0.543945 0.316406 0.535156 0.304688 0.522461 0.294271 0.509766 0.291667
0 0.058594 0.906250 0.050781 0.919271 0.045898 0.944010 0.045898 0.964844 0.048828 0.983073 0.055664 0.998698 0.075195 0.998698 0.083008 0.979167 0.084961 0.944010 0.080078 0.919271 0.076172 0.911458 0.068359 0.903646
0 0.193359 0.773438 0.192383 0.789062 0.195312 0.799479 0.211914 0.819010 0.222656 0.824219 0.236328 0.824219 0.244141 0.820312 0.250000 0.812500 0.250977 0.796875 0.249023 0.789062 0.233398 0.768229 0.220703 0.761719 0.206055 0.761719
1 0.290039 0.337240 0.613281 0.337240 0.613281 0.589844 0.290039 0.589844
