0 0.469727 0.398438 0.459961 0.411458 0.454102 0.432292 0.455078 0.464844 0.466797 0.501302 0.484375 0.527344 0.500000 0.540365 0.513672 0.545573 0.525391 0.545573 0.538086 0.539062 0.547852 0.526042 0.553711 0.505208 0.552734 0.472656 0.542969 0.440104 0.525391 0.412760 0.502930 0.394531 0.482422 0.391927
0 0.556641 0.399740 0.549805 0.423177 0.552734 0.449219 0.560547 0.467448 0.575195 0.485677 0.598633 0.500000 0.620117 0.502604 0.641602 0.493490 0.654297 0.476562 0.659180 0.457031 0.656250 0.430990 0.646484 0.410156 0.626953 0.389323 0.610352 0.380208 0.589844 0.377604 0.573242 0.382812
0 0.467773 0.377604 0.460938 0.373698 0.450195 0.373698 0.435547 0.381510 0.417969 0.401042 0.404297 0.425781 0.393555 0.457031 0.389648 0.483073 0.392578 0.514323 0.401367 0.528646 0.408203 0.532552 0.418945 0.532552 0.433594 0.524740 0.452148 0.503906 0.464844 0.480469 0.475586 0.449219 0.479492 0.423177 0.476562 0.391927
0 0.284180 0.449219 0.273438 0.450521 0.260742 0.459635 0.251953 0.472656 0.247070 0.489583 0.247070 0.509115 0.253906 0.529948 0.261719 0.539062 0.276367 0.545573 0.287109 0.544271 0.298828 0.536458 0.306641 0.526042 0.313477 0.505208 0.313477 0.485677 0.306641 0.464844 0.298828 0.455729
0 0.941406 0.500000 0.935547 0.496094 0.925781 0.498698 0.911133 0.509115 0.889648 0.531250 0.863281 0.571615 0.854492 0.596354 0.855469 0.606771 0.861328 0.610677 0.871094 0.608073 0.885742 0.597656 0.907227 0.575521 0.935547 0.531250 0.942383 0.510417
0 0.844727 0.118490 0.835938 0.113281 0.821289 0.111979 0.803711 0.121094 0.790039 0.143229 0.789062 0.164062 0.792969 0.174479 0.801758 0.184896 0.814453 0.190104 0.828125 0.188802 0.841797 0.179688 0.850586 0.167969 0.855469 0.153646 0.854492 0.134115
0 0.314453 0.134115 0.311523 0.144531 0.313477 0.160156 0.322266 0.174479 0.333008 0.182292 0.340820 0.184896 0.360352 0.183594 0.369141 0.177083 0.376953 0.162760 0.377930 0.151042 0.375977 0.141927 0.368164 0.128906 0.358398 0.121094 0.348633 0.117188 0.333008 0.117188 0.320312 0.125000
0 0.769531 0.334635 0.760742 0.335938 0.751953 0.343750 0.744141 0.360677 0.741211 0.375000 0.743164 0.404948 0.753906 0.423177 0.759766 0.425781 0.768555 0.424479 0.776367 0.417969 0.785156 0.399740 0.788086 0.385417 0.786133 0.355469 0.778320 0.339844
0 0.058594 0.906250 0.050781 0.919271 0.045898 0.944010 0.045898 0.964844 0.048828 0.983073 0.055664 0.998698 0.075195 0.998698 0.083008 0.979167 0.084961 0.944010 0.080078 0.919271 0.076172 0.911458 0.068359 0.903646
1 0.448242 0.355469 0.677734 0.355469 0.677734 0.562500 0.448242 0.562500
