0 0.552734 0.509115 0.521484 0.505208 0.500000 0.513021 0.474609 0.533854 0.452148 0.575521 0.444336 0.613281 0.446289 0.651042 0.458984 0.686198 0.484375 0.713542 0.504883 0.721354 0.542969 0.714844 0.575195 0.686198 0.592773 0.651042 0.600586 0.613281 0.595703 0.563802 0.580078 0.531250
0 0.516602 0.332031 0.493164 0.316406 0.463867 0.312500 0.436523 0.320312 0.407227 0.342448 0.380859 0.382812 0.372070 0.415365 0.372070 0.449219 0.382812 0.481771 0.397461 0.500000 0.432617 0.515625 0.470703 0.509115 0.502930 0.485677 0.529297 0.445312 0.539062 0.402344 0.534180 0.361979
0 0.111328 0.216146 0.085938 0.227865 0.066406 0.252604 0.054688 0.285156 0.051758 0.329427 0.057617 0.361979 0.076172 0.399740 0.098633 0.419271 0.126953 0.424479 0.152344 0.412760 0.172852 0.386719 0.185547 0.345052 0.186523 0.311198 0.180664 0.278646 0.162109 0.240885 0.136719 0.220052
0 0.777344 0.208333 0.764648 0.233073 0.761719 0.269531 0.766602 0.295573 0.780273 0.328125 0.805664 0.359375 0.830078 0.373698 0.857422 0.376302 0.880859 0.361979 0.893555 0.337240 0.896484 0.300781 0.890625 0.272135 0.876953 0.240885 0.852539 0.210938 0.824219 0.195312 0.799805 0.194010
0 0.405273 0.753906 0.393555 0.769531 0.389648 0.786458 0.390625 0.807292 0.399414 0.833333 0.416016 0.854167 0.429688 0.861979 0.441406 0.863281 0.456055 0.856771 0.465820 0.842448 0.469727 0.825521 0.468750 0.804688 0.461914 0.782552 0.446289 0.760417 0.432617 0.751302 0.418945 0.748698
0 0.669922 0.417969 0.658203 0.421875 0.647461 0.434896 0.641602 0.454427 0.640625 0.472656 0.644531 0.496094 0.653320 0.515625 0.666016 0.528646 0.677734 0.532552 0.687500 0.529948 0.700195 0.515625 0.706055 0.496094 0.707031 0.477865 0.704102 0.458333 0.694336 0.434896 0.683594 0.423177
0 0.793945 0.398438 0.786133 0.403646 0.778320 0.415365 0.776367 0.424479 0.778320 0.445312 0.782227 0.454427 0.793945 0.468750 0.803711 0.473958 0.817383 0.473958 0.825195 0.468750 0.832031 0.459635 0.834961 0.447917 0.833008 0.427083 0.829102 0.417969 0.815430 0.402344 0.806641 0.398438
0 0.268555 0.740885 0.262695 0.746094 0.258789 0.760417 0.259766 0.778646 0.264648 0.798177 0.275391 0.822917 0.285156 0.835938 0.299805 0.842448 0.305664 0.837240 0.309570 0.822917 0.308594 0.804688 0.303711 0.785156 0.292969 0.760417 0.283203 0.747396 0.276367 0.742188
0 0.058594 0.906250 0.050781 0.919271 0.045898 0.944010 0.045898 0.964844 0.048828 0.983073 0.055664 0.998698 0.075195 0.998698 0.083008 0.979167 0.084961 0.944010 0.080078 0.919271 0.076172 0.911458 0.068359 0.903646
1 0.355469 0.290365 0.620117 0.290365 0.620117 0.748698 0.355469 0.748698
