0 0.436523 0.549479 0.413086 0.558594 0.392578 0.580729 0.379883 0.611979 0.376953 0.653646 0.383789 0.683594 0.404297 0.714844 0.422852 0.726562 0.445312 0.729167 0.467773 0.720052 0.488281 0.697917 0.500000 0.670573 0.503906 0.625000 0.495117 0.591146 0.481445 0.569010 0.458008 0.552083
0 0.849609 0.106771 0.835938 0.115885 0.820312 0.143229 0.816406 0.164062 0.819336 0.204427 0.827148 0.227865 0.843750 0.253906 0.861328 0.266927 0.885742 0.269531 0.902344 0.259115 0.917969 0.231771 0.921875 0.210938 0.919922 0.175781 0.911133 0.147135 0.894531 0.121094 0.873047 0.106771
0 0.892578 0.311198 0.875977 0.321615 0.862305 0.343750 0.855469 0.372396 0.856445 0.401042 0.866211 0.432292 0.881836 0.454427 0.902344 0.467448 0.928711 0.466146 0.942383 0.457031 0.956055 0.434896 0.962891 0.406250 0.961914 0.377604 0.952148 0.346354 0.940430 0.328125 0.919922 0.312500
0 0.550781 0.019531 0.534180 0.022135 0.513672 0.042969 0.503906 0.066406 0.498047 0.097656 0.499023 0.132812 0.504883 0.157552 0.516602 0.179688 0.525391 0.188802 0.537109 0.194010 0.553711 0.191406 0.573242 0.171875 0.583984 0.147135 0.589844 0.114583 0.588867 0.080729 0.581055 0.050781 0.565430 0.027344
0 0.161133 0.263021 0.145508 0.269531 0.128906 0.287760 0.119141 0.313802 0.117188 0.345052 0.121094 0.364583 0.132812 0.388021 0.152344 0.403646 0.172852 0.406250 0.190430 0.398438 0.205078 0.381510 0.214844 0.355469 0.216797 0.324219 0.210938 0.299479 0.196289 0.276042 0.178711 0.264323
0 0.481445 0.368490 0.465820 0.360677 0.444336 0.361979 0.428711 0.371094 0.413086 0.389323 0.400391 0.419271 0.398438 0.449219 0.403320 0.468750 0.414062 0.484375 0.430664 0.493490 0.447266 0.493490 0.467773 0.483073 0.483398 0.464844 0.492188 0.447917 0.497070 0.430990 0.498047 0.404948 0.494141 0.388021
0 0.148438 0.444010 0.128906 0.444010 0.111328 0.453125 0.098633 0.468750 0.090820 0.488281 0.089844 0.515625 0.095703 0.535156 0.105469 0.548177 0.116211 0.555990 0.135742 0.559896 0.152344 0.554688 0.163086 0.546875 0.172852 0.533854 0.178711 0.520833 0.181641 0.507812 0.181641 0.488281 0.175781 0.467448 0.166016 0.454427
0 0.058594 0.906250 0.050781 0.919271 0.045898 0.944010 0.045898 0.964844 0.048828 0.983073 0.055664 0.998698 0.075195 0.998698 0.083008 0.979167 0.084961 0.944010 0.080078 0.919271 0.076172 0.911458 0.068359 0.903646
0 0.057617 0.343750 0.053711 0.345052 0.043945 0.358073 0.027344 0.404948 0.021484 0.451823 0.023438 0.463542 0.028320 0.468750 0.037109 0.462240 0.041992 0.454427 0.058594 0.407552 0.064453 0.360677 0.061523 0.347656
1 0.799805 0.082031 0.982422 0.082031 0.982422 0.496094 0.799805 0.496094
