0 0.386719 0.462240 0.364258 0.488281 0.355469 0.516927 0.356445 0.550781 0.368164 0.580729 0.384766 0.600260 0.415039 0.614583 0.447266 0.610677 0.469727 0.593750 0.483398 0.570312 0.489258 0.544271 0.487305 0.516927 0.474609 0.485677 0.458984 0.467448 0.434570 0.454427 0.409180 0.453125
0 0.194336 0.618490 0.178711 0.600260 0.161133 0.593750 0.141602 0.593750 0.117188 0.601562 0.095703 0.617188 0.082031 0.636719 0.076172 0.653646 0.076172 0.673177 0.086914 0.692708 0.106445 0.704427 0.131836 0.705729 0.156250 0.697917 0.177734 0.682292 0.191406 0.662760 0.196289 0.651042 0.198242 0.635417
0 0.514648 0.372396 0.502930 0.381510 0.494141 0.403646 0.491211 0.421875 0.491211 0.460938 0.494141 0.481771 0.503906 0.514323 0.513672 0.529948 0.528320 0.536458 0.541016 0.526042 0.547852 0.509115 0.551758 0.486979 0.551758 0.446615 0.545898 0.414062 0.539062 0.394531 0.527344 0.377604
0 0.582031 0.345052 0.575195 0.355469 0.571289 0.369792 0.571289 0.393229 0.577148 0.417969 0.582031 0.429688 0.595703 0.449219 0.607422 0.457031 0.620117 0.457031 0.630859 0.446615 0.635742 0.430990 0.635742 0.406250 0.629883 0.381510 0.621094 0.363281 0.608398 0.347656 0.594727 0.341146
0 0.102539 0.485677 0.095703 0.481771 0.079102 0.485677 0.059570 0.509115 0.051758 0.524740 0.043945 0.557292 0.044922 0.580729 0.051758 0.595052 0.058594 0.598958 0.075195 0.595052 0.099609 0.562500 0.110352 0.524740 0.109375 0.500000
0 0.690430 0.667969 0.680664 0.665365 0.670898 0.669271 0.655273 0.679688 0.631836 0.701823 0.604492 0.739583 0.598633 0.753906 0.598633 0.766927 0.608398 0.769531 0.621094 0.764323 0.657227 0.733073 0.684570 0.695312 0.691406 0.675781
0 0.634766 0.496094 0.625977 0.494792 0.615234 0.498698 0.599609 0.519531 0.597656 0.545573 0.601562 0.555990 0.612305 0.567708 0.620117 0.570312 0.632812 0.567708 0.638672 0.563802 0.650391 0.545573 0.652344 0.519531 0.644531 0.502604
0 0.058594 0.906250 0.050781 0.919271 0.045898 0.944010 0.045898 0.964844 0.048828 0.983073 0.055664 0.998698 0.075195 0.998698 0.083008 0.979167 0.084961 0.944010 0.080078 0.919271 0.076172 0.911458 0.068359 0.903646
0 0.727539 0.492188 0.714844 0.509115 0.712891 0.520833 0.714844 0.542969 0.720703 0.558594 0.728516 0.569010 0.734375 0.572917 0.745117 0.572917 0.750977 0.569010 0.757812 0.555990 0.759766 0.544271 0.757812 0.522135 0.752930 0.507812 0.744141 0.496094 0.738281 0.492188
1 0.314453 0.325521 0.685547 0.325521 0.685547 0.651042 0.314453 0.651042
