0 0.468750 0.463542 0.450195 0.457031 0.420898 0.463542 0.396484 0.483073 0.376953 0.515625 0.366211 0.554688 0.366211 0.589844 0.378906 0.627604 0.394531 0.644531 0.415039 0.652344 0.445312 0.645833 0.469727 0.625000 0.488281 0.593750 0.498047 0.561198 0.499023 0.519531 0.489258 0.486979
0 0.493164 0.282552 0.470703 0.304688 0.457031 0.338542 0.456055 0.376302 0.464844 0.406250 0.479492 0.429688 0.511719 0.450521 0.537109 0.451823 0.566406 0.437500 0.583008 0.416667 0.593750 0.388021 0.594727 0.350260 0.585938 0.320312 0.571289 0.296875 0.542969 0.277344 0.513672 0.274740
0 0.947266 0.204427 0.930664 0.207031 0.908203 0.230469 0.893555 0.259115 0.877930 0.308594 0.872070 0.351562 0.873047 0.385417 0.882812 0.416667 0.894531 0.425781 0.911133 0.423177 0.933594 0.399740 0.947266 0.373698 0.963867 0.321615 0.969727 0.278646 0.968750 0.244792 0.958984 0.213542
0 0.144531 0.674479 0.132812 0.680990 0.119141 0.704427 0.113281 0.730469 0.112305 0.763021 0.118164 0.794271 0.124023 0.807292 0.137695 0.821615 0.148438 0.822917 0.161133 0.815104 0.173828 0.792969 0.179688 0.766927 0.180664 0.733073 0.174805 0.703125 0.167969 0.688802 0.157227 0.677083
0 0.848633 0.446615 0.835938 0.459635 0.832031 0.470052 0.830078 0.490885 0.833984 0.514323 0.841797 0.532552 0.856445 0.550781 0.869141 0.557292 0.881836 0.555990 0.894531 0.542969 0.898438 0.532552 0.900391 0.511719 0.896484 0.488281 0.888672 0.470052 0.874023 0.451823 0.861328 0.445312
0 0.125000 0.438802 0.116211 0.430990 0.102539 0.428385 0.087891 0.433594 0.074219 0.445312 0.063477 0.462240 0.057617 0.480469 0.057617 0.498698 0.062500 0.511719 0.071289 0.519531 0.084961 0.522135 0.101562 0.515625 0.113281 0.505208 0.124023 0.488281 0.129883 0.468750 0.129883 0.451823
0 0.455078 0.014323 0.450195 0.015625 0.440430 0.027344 0.407227 0.097656 0.379883 0.183594 0.376953 0.203125 0.378906 0.212240 0.387695 0.207031 0.400391 0.187500 0.425781 0.131510 0.448242 0.066406 0.456055 0.032552
0 0.721680 0.569010 0.711914 0.579427 0.698242 0.608073 0.670898 0.682292 0.650391 0.753906 0.645508 0.782552 0.647461 0.792969 0.657227 0.782552 0.695312 0.688802 0.717773 0.611979 0.723633 0.579427
0 0.794922 0.326823 0.781250 0.330729 0.768555 0.350260 0.759766 0.381510 0.758789 0.406250 0.760742 0.416667 0.766602 0.427083 0.776367 0.428385 0.785156 0.421875 0.793945 0.408854 0.800781 0.390625 0.805664 0.365885 0.805664 0.348958 0.800781 0.332031
0 0.058594 0.906250 0.050781 0.919271 0.045898 0.944010 0.045898 0.964844 0.048828 0.983073 0.055664 0.998698 0.075195 0.998698 0.083008 0.979167 0.084961 0.944010 0.080078 0.919271 0.076172 0.911458 0.068359 0.903646
0 0.183594 0.589844 0.175781 0.595052 0.169922 0.606771 0.167969 0.617188 0.169922 0.636719 0.180664 0.660156 0.191406 0.669271 0.201172 0.670573 0.208984 0.665365 0.214844 0.653646 0.216797 0.643229 0.215820 0.627604 0.210938 0.611979 0.204102 0.600260 0.193359 0.591146
1 0.338867 0.209635 0.625000 0.209635 0.625000 0.714844 0.338867 0.714844
