0 0.916992 0.690104 0.892578 0.692708 0.874023 0.707031 0.858398 0.731771 0.848633 0.763021 0.847656 0.804688 0.857422 0.839844 0.874023 0.861979 0.889648 0.869792 0.914062 0.867188 0.930664 0.855469 0.948242 0.828125 0.958008 0.796875 0.958984 0.755208 0.949219 0.720052 0.935547 0.700521
0 0.224609 0.209635 0.217773 0.234375 0.219727 0.257812 0.224609 0.269531 0.239258 0.289062 0.272461 0.304688 0.301758 0.303385 0.328125 0.291667 0.351562 0.265625 0.360352 0.236979 0.358398 0.213542 0.350586 0.196615 0.338867 0.182292 0.311523 0.167969 0.282227 0.166667 0.258789 0.174479 0.242188 0.186198
0 0.388672 0.441406 0.375000 0.464844 0.371094 0.493490 0.376953 0.519531 0.389648 0.540365 0.414062 0.558594 0.443359 0.561198 0.461914 0.553385 0.477539 0.536458 0.484375 0.522135 0.488281 0.494792 0.483398 0.470052 0.469727 0.446615 0.451172 0.430990 0.436523 0.425781 0.411133 0.427083
0 0.541992 0.402344 0.521484 0.412760 0.508789 0.427083 0.499023 0.450521 0.497070 0.475260 0.503906 0.502604 0.515625 0.519531 0.534180 0.531250 0.555664 0.532552 0.576172 0.522135 0.589844 0.506510 0.598633 0.483073 0.600586 0.459635 0.594727 0.434896 0.579102 0.412760 0.563477 0.403646
0 0.593750 0.687500 0.583008 0.707031 0.581055 0.738281 0.585938 0.760417 0.596680 0.783854 0.610352 0.802083 0.634766 0.817708 0.651367 0.819010 0.668945 0.808594 0.679688 0.785156 0.680664 0.759115 0.676758 0.739583 0.665039 0.713542 0.656250 0.700521 0.630859 0.680990 0.610352 0.678385
0 0.725586 0.372396 0.729492 0.385417 0.737305 0.394531 0.761719 0.406250 0.779297 0.407552 0.790039 0.404948 0.799805 0.398438 0.805664 0.386719 0.803711 0.376302 0.793945 0.363281 0.769531 0.351562 0.751953 0.350260 0.738281 0.354167 0.727539 0.364583
0 0.286133 0.429688 0.284180 0.424479 0.265625 0.416667 0.226562 0.416667 0.190430 0.427083 0.179688 0.434896 0.176758 0.444010 0.184570 0.451823 0.197266 0.455729 0.236328 0.455729 0.269531 0.446615 0.283203 0.437500
0 0.058594 0.906250 0.050781 0.919271 0.045898 0.944010 0.045898 0.964844 0.048828 0.983073 0.055664 0.998698 0.075195 0.998698 0.083008 0.979167 0.084961 0.944010 0.080078 0.919271 0.076172 0.911458 0.068359 0.903646
0 0.390625 0.128906 0.391602 0.140625 0.396484 0.149740 0.404297 0.156250 0.417969 0.161458 0.439453 0.158854 0.447266 0.153646 0.455078 0.139323 0.455078 0.131510 0.450195 0.119792 0.443359 0.113281 0.427734 0.106771 0.415039 0.106771 0.401367 0.111979 0.392578 0.122396
1 0.345703 0.399740 0.629883 0.399740 0.629883 0.574219 0.345703 0.574219
