0 0.444336 0.450521 0.416992 0.464844 0.398438 0.489583 0.384766 0.535156 0.383789 0.571615 0.396484 0.619792 0.410156 0.639323 0.426758 0.652344 0.450195 0.656250 0.471680 0.647135 0.493164 0.622396 0.508789 0.578125 0.510742 0.535156 0.500977 0.493490 0.482422 0.464844 0.464844 0.453125
0 0.236328 0.111979 0.219727 0.105469 0.185547 0.109375 0.159180 0.128906 0.140625 0.156250 0.129883 0.192708 0.129883 0.225260 0.138672 0.253906 0.155273 0.276042 0.178711 0.287760 0.206055 0.286458 0.234375 0.269531 0.257812 0.236979 0.268555 0.200521 0.267578 0.161458 0.257812 0.135417
0 0.551758 0.393229 0.531250 0.412760 0.521484 0.434896 0.518555 0.466146 0.523438 0.489583 0.535156 0.511719 0.554688 0.528646 0.570312 0.533854 0.585938 0.533854 0.604492 0.526042 0.621094 0.509115 0.630859 0.486979 0.633789 0.455729 0.625000 0.423177 0.611328 0.403646 0.594727 0.391927 0.566406 0.388021
0 0.254883 0.389323 0.242188 0.384115 0.220703 0.389323 0.199219 0.406250 0.174805 0.441406 0.163086 0.470052 0.157227 0.497396 0.157227 0.520833 0.160156 0.532552 0.168945 0.545573 0.181641 0.550781 0.203125 0.545573 0.230469 0.522135 0.249023 0.493490 0.260742 0.464844 0.266602 0.437500 0.265625 0.410156
0 0.102539 0.328125 0.085938 0.335938 0.070312 0.356771 0.064453 0.376302 0.063477 0.399740 0.071289 0.428385 0.082031 0.444010 0.094727 0.453125 0.114258 0.455729 0.130859 0.447917 0.144531 0.430990 0.152344 0.407552 0.153320 0.384115 0.148438 0.361979 0.134766 0.339844 0.122070 0.330729
0 0.167969 0.664062 0.156250 0.657552 0.141602 0.657552 0.122070 0.666667 0.105469 0.682292 0.090820 0.707031 0.083984 0.731771 0.084961 0.757812 0.092773 0.773438 0.107422 0.782552 0.126953 0.781250 0.143555 0.772135 0.161133 0.753906 0.169922 0.739583 0.179688 0.708333 0.178711 0.682292 0.173828 0.670573
0 0.600586 0.299479 0.597656 0.313802 0.601562 0.328125 0.610352 0.343750 0.630859 0.368490 0.646484 0.381510 0.665039 0.391927 0.682617 0.395833 0.694336 0.390625 0.697266 0.376302 0.693359 0.361979 0.685547 0.347656 0.667969 0.325521 0.655273 0.313802 0.629883 0.298177 0.612305 0.294271
0 0.852539 0.371094 0.844727 0.375000 0.834961 0.388021 0.831055 0.402344 0.831055 0.420573 0.835938 0.437500 0.845703 0.451823 0.855469 0.457031 0.862305 0.457031 0.870117 0.453125 0.878906 0.442708 0.883789 0.425781 0.883789 0.407552 0.878906 0.390625 0.869141 0.376302 0.863281 0.372396
0 0.058594 0.906250 0.050781 0.919271 0.045898 0.944010 0.045898 0.964844 0.048828 0.983073 0.055664 0.998698 0.075195 0.998698 0.083008 0.979167 0.084961 0.944010 0.080078 0.919271 0.076172 0.911458 0.068359 0.903646
1 0.368164 0.365885 0.653320 0.365885 0.653320 0.682292 0.368164 0.682292
