0 0.494141 0.210938 0.462891 0.233073 0.438477 0.276042 0.429688 0.324219 0.435547 0.377604 0.461914 0.432292 0.496094 0.462240 0.519531 0.470052 0.565430 0.462240 0.599609 0.428385 0.616211 0.388021 0.621094 0.341146 0.613281 0.292969 0.591797 0.248698 0.566406 0.222656 0.532227 0.207031
0 0.437500 0.476562 0.401367 0.492188 0.378906 0.519531 0.362305 0.566406 0.360352 0.614583 0.373047 0.666667 0.394531 0.701823 0.418945 0.721354 0.453125 0.729167 0.489258 0.713542 0.516602 0.677083 0.528320 0.639323 0.530273 0.591146 0.517578 0.539062 0.495117 0.502604 0.466797 0.481771
0 0.531250 0.018229 0.524414 0.014323 0.508789 0.018229 0.494141 0.029948 0.480469 0.046875 0.467773 0.070312 0.458984 0.097656 0.458008 0.118490 0.462891 0.130208 0.474609 0.134115 0.487305 0.128906 0.500000 0.118490 0.518555 0.093750 0.532227 0.062500 0.536133 0.045573 0.536133 0.029948
0 0.260742 0.085938 0.260742 0.100260 0.267578 0.117188 0.280273 0.135417 0.295898 0.149740 0.322266 0.161458 0.336914 0.160156 0.345703 0.151042 0.346680 0.134115 0.341797 0.121094 0.327148 0.098958 0.316406 0.088542 0.302734 0.079427 0.284180 0.072917 0.267578 0.075521
0 0.551758 0.049479 0.545898 0.057292 0.541992 0.069010 0.541992 0.087240 0.548828 0.109375 0.559570 0.125000 0.568359 0.131510 0.585938 0.134115 0.592773 0.130208 0.598633 0.122396 0.602539 0.110677 0.602539 0.092448 0.595703 0.070312 0.584961 0.054688 0.573242 0.046875 0.559570 0.045573
0 0.657227 0.447917 0.648438 0.450521 0.638672 0.462240 0.623047 0.500000 0.615234 0.537760 0.615234 0.565104 0.621094 0.578125 0.630859 0.575521 0.640625 0.563802 0.656250 0.526042 0.664062 0.488281 0.664062 0.460938 0.661133 0.451823
0 0.800781 0.466146 0.791016 0.470052 0.781250 0.483073 0.777344 0.503906 0.778320 0.516927 0.781250 0.528646 0.790039 0.544271 0.798828 0.552083 0.808594 0.554688 0.818359 0.550781 0.828125 0.537760 0.832031 0.516927 0.831055 0.503906 0.827148 0.489583 0.818359 0.475260 0.807617 0.467448
0 0.702148 0.192708 0.691406 0.199219 0.683594 0.210938 0.680664 0.222656 0.680664 0.242188 0.685547 0.259115 0.694336 0.272135 0.702148 0.277344 0.711914 0.278646 0.722656 0.272135 0.730469 0.260417 0.733398 0.248698 0.733398 0.229167 0.728516 0.212240 0.719727 0.199219 0.711914 0.194010
0 0.058594 0.906250 0.050781 0.919271 0.045898 0.944010 0.045898 0.964844 0.048828 0.983073 0.055664 0.998698 0.075195 0.998698 0.083008 0.979167 0.084961 0.944010 0.080078 0.919271 0.076172 0.911458 0.068359 0.903646
1 0.343750 0.183594 0.640625 0.183594 0.640625 0.755208 0.343750 0.755208
