0 0.280273 0.397135 0.268555 0.403646 0.259766 0.414062 0.250000 0.437500 0.246094 0.459635 0.249023 0.503906 0.257812 0.531250 0.274414 0.557292 0.290039 0.567708 0.307617 0.569010 0.322266 0.559896 0.335938 0.535156 0.341797 0.506510 0.339844 0.467448 0.330078 0.434896 0.313477 0.408854 0.297852 0.398438
0 0.489258 0.295573 0.470703 0.303385 0.452148 0.322917 0.440430 0.351562 0.438477 0.380208 0.445312 0.407552 0.457031 0.425781 0.478516 0.440104 0.499023 0.441406 0.521484 0.430990 0.536133 0.414062 0.547852 0.385417 0.549805 0.356771 0.542969 0.329427 0.531250 0.311198 0.512695 0.298177
0 0.475586 0.479167 0.459961 0.490885 0.447266 0.513021 0.443359 0.531250 0.445312 0.567708 0.453125 0.589844 0.470703 0.613281 0.489258 0.623698 0.509766 0.623698 0.527344 0.611979 0.541992 0.585938 0.544922 0.571615 0.542969 0.533854 0.534180 0.510417 0.517578 0.488281 0.499023 0.477865
0 0.715820 0.618490 0.701172 0.626302 0.691406 0.639323 0.684570 0.662760 0.684570 0.682292 0.690430 0.701823 0.695312 0.709635 0.708008 0.718750 0.719727 0.720052 0.729492 0.716146 0.744141 0.699219 0.750977 0.675781 0.750977 0.656250 0.745117 0.636719 0.740234 0.628906 0.727539 0.619792
0 0.776367 0.432292 0.769531 0.444010 0.767578 0.454427 0.768555 0.475260 0.774414 0.494792 0.780273 0.506510 0.796875 0.524740 0.812500 0.527344 0.819336 0.523438 0.826172 0.511719 0.828125 0.501302 0.827148 0.480469 0.821289 0.460938 0.815430 0.449219 0.800781 0.432292 0.792969 0.428385 0.782227 0.428385
0 0.105469 0.704427 0.093750 0.704427 0.083008 0.710938 0.072266 0.725260 0.065430 0.740885 0.061523 0.757812 0.061523 0.779948 0.066406 0.792969 0.074219 0.800781 0.081055 0.802083 0.093750 0.796875 0.107422 0.779948 0.114258 0.764323 0.118164 0.747396 0.118164 0.726562 0.113281 0.712240
0 0.510742 0.216146 0.507812 0.222656 0.510742 0.243490 0.521484 0.265625 0.536133 0.285156 0.550781 0.299479 0.563477 0.307292 0.576172 0.308594 0.580078 0.305990 0.582031 0.290365 0.579102 0.279948 0.568359 0.257812 0.552734 0.236979 0.526367 0.216146
0 0.457031 0.666667 0.450195 0.677083 0.446289 0.691406 0.451172 0.714844 0.458984 0.725260 0.471680 0.733073 0.485352 0.733073 0.496094 0.726562 0.504883 0.712240 0.506836 0.701823 0.501953 0.678385 0.493164 0.666667 0.481445 0.660156 0.467773 0.660156
0 0.058594 0.906250 0.050781 0.919271 0.045898 0.944010 0.045898 0.964844 0.048828 0.983073 0.055664 0.998698 0.075195 0.998698 0.083008 0.979167 0.084961 0.944010 0.080078 0.919271 0.076172 0.911458 0.068359 0.903646
1 0.422852 0.274740 0.570312 0.274740 0.570312 0.651042 0.422852 0.651042
