0 0.688477 0.084635 0.666016 0.093750 0.651367 0.110677 0.639648 0.136719 0.633789 0.165365 0.633789 0.200521 0.640625 0.230469 0.655273 0.253906 0.675781 0.264323 0.696289 0.257812 0.713867 0.238281 0.724609 0.214844 0.731445 0.183594 0.731445 0.148438 0.724609 0.118490 0.709961 0.095052
0 0.515625 0.488281 0.501953 0.480469 0.482422 0.481771 0.464844 0.492188 0.451172 0.507812 0.437500 0.536458 0.433594 0.557292 0.437500 0.587240 0.448242 0.604167 0.460938 0.610677 0.480469 0.609375 0.500977 0.596354 0.514648 0.578125 0.525391 0.554688 0.529297 0.532552 0.526367 0.506510
0 0.384766 0.376302 0.370117 0.384115 0.359375 0.401042 0.352539 0.428385 0.352539 0.455729 0.357422 0.479167 0.365234 0.497396 0.381836 0.515625 0.398438 0.519531 0.413086 0.511719 0.422852 0.497396 0.430664 0.467448 0.430664 0.440104 0.425781 0.416667 0.415039 0.394531 0.401367 0.380208
0 0.783203 0.285156 0.771484 0.286458 0.757812 0.300781 0.747070 0.321615 0.738281 0.350260 0.734375 0.375000 0.734375 0.406250 0.740234 0.428385 0.750000 0.438802 0.763672 0.436198 0.776367 0.421875 0.786133 0.402344 0.794922 0.373698 0.798828 0.348958 0.798828 0.317708 0.792969 0.295573
0 0.335938 0.524740 0.325195 0.539062 0.321289 0.552083 0.320312 0.569010 0.323242 0.587240 0.333008 0.609375 0.343750 0.621094 0.358398 0.627604 0.368164 0.626302 0.375977 0.621094 0.382812 0.611979 0.386719 0.601562 0.388672 0.579427 0.383789 0.554688 0.374023 0.536458 0.361328 0.524740 0.350586 0.520833
0 0.968750 0.121094 0.961914 0.118490 0.946289 0.127604 0.922852 0.162760 0.915039 0.182292 0.909180 0.207031 0.909180 0.225260 0.915039 0.236979 0.925781 0.236979 0.936523 0.229167 0.959961 0.194010 0.967773 0.174479 0.973633 0.149740 0.973633 0.131510
0 0.678711 0.639323 0.670898 0.639323 0.658203 0.651042 0.648438 0.667969 0.641602 0.686198 0.634766 0.717448 0.634766 0.742188 0.641602 0.757812 0.651367 0.759115 0.663086 0.748698 0.671875 0.734375 0.680664 0.712240 0.687500 0.680990 0.687500 0.656250 0.684570 0.645833
0 0.086914 0.170573 0.076172 0.171875 0.068359 0.178385 0.061523 0.190104 0.057617 0.205729 0.057617 0.222656 0.061523 0.236979 0.068359 0.246094 0.077148 0.251302 0.087891 0.250000 0.095703 0.243490 0.102539 0.231771 0.106445 0.216146 0.106445 0.199219 0.102539 0.184896 0.094727 0.174479
0 0.058594 0.906250 0.050781 0.919271 0.045898 0.944010 0.045898 0.964844 0.048828 0.983073 0.055664 0.998698 0.075195 0.998698 0.083008 0.979167 0.084961 0.944010 0.080078 0.919271 0.076172 0.911458 0.068359 0.903646
1 0.335938 0.354167 0.548828 0.354167 0.548828 0.639323 0.335938 0.639323
