0 0.387695 0.304688 0.375000 0.326823 0.371094 0.363281 0.375977 0.389323 0.394531 0.427083 0.413086 0.446615 0.445312 0.462240 0.467773 0.460938 0.487305 0.447917 0.500977 0.421875 0.503906 0.389323 0.497070 0.358073 0.480469 0.325521 0.459961 0.304688 0.434570 0.291667 0.408203 0.291667
0 0.796875 0.108073 0.783203 0.123698 0.772461 0.156250 0.772461 0.180990 0.783203 0.217448 0.799805 0.240885 0.827148 0.257812 0.846680 0.259115 0.871094 0.246094 0.883789 0.226562 0.889648 0.203125 0.887695 0.166667 0.877930 0.140625 0.863281 0.119792 0.838867 0.102865 0.816406 0.100260
0 0.548828 0.479167 0.529297 0.476562 0.504883 0.486979 0.484375 0.510417 0.472656 0.537760 0.467773 0.565104 0.472656 0.602865 0.484375 0.623698 0.498047 0.634115 0.519531 0.638021 0.543945 0.627604 0.564453 0.604167 0.576172 0.576823 0.581055 0.549479 0.578125 0.518229 0.567383 0.494792
0 0.916016 0.255208 0.897461 0.268229 0.886719 0.282552 0.880859 0.296875 0.877930 0.322917 0.884766 0.347656 0.903320 0.368490 0.921875 0.376302 0.946289 0.375000 0.965820 0.364583 0.982422 0.345052 0.990234 0.322917 0.991211 0.304688 0.985352 0.282552 0.976562 0.268229 0.956055 0.253906 0.927734 0.251302
0 0.289062 0.811198 0.289062 0.824219 0.296875 0.841146 0.313477 0.855469 0.328125 0.861979 0.339844 0.864583 0.365234 0.861979 0.376953 0.855469 0.386719 0.839844 0.385742 0.822917 0.378906 0.809896 0.362305 0.795573 0.342773 0.787760 0.320312 0.786458 0.310547 0.789062 0.298828 0.795573
0 0.475586 0.046875 0.469727 0.053385 0.464844 0.071615 0.463867 0.087240 0.466797 0.122396 0.472656 0.149740 0.480469 0.170573 0.486328 0.180990 0.498047 0.187500 0.504883 0.180990 0.509766 0.162760 0.510742 0.147135 0.507812 0.111979 0.501953 0.084635 0.495117 0.066406 0.485352 0.050781
0 0.296875 0.507812 0.298828 0.529948 0.311523 0.548177 0.323242 0.555990 0.335938 0.559896 0.352539 0.558594 0.365234 0.550781 0.372070 0.539062 0.373047 0.522135 0.370117 0.513021 0.362305 0.500000 0.346680 0.488281 0.333984 0.484375 0.317383 0.485677 0.304688 0.493490
0 0.299805 0.020833 0.295898 0.018229 0.283203 0.018229 0.275391 0.022135 0.260742 0.037760 0.249023 0.063802 0.246094 0.078125 0.246094 0.093750 0.252930 0.109375 0.256836 0.111979 0.272461 0.110677 0.284180 0.101562 0.293945 0.088542 0.304688 0.063802 0.306641 0.052083 0.306641 0.036458
0 0.058594 0.906250 0.050781 0.919271 0.045898 0.944010 0.045898 0.964844 0.048828 0.983073 0.055664 0.998698 0.075195 0.998698 0.083008 0.979167 0.084961 0.944010 0.080078 0.919271 0.076172 0.911458 0.068359 0.903646
1 0.346680 0.252604 0.605469 0.252604 0.605469 0.690104 0.346680 0.690104
