0 0.197266 0.692708 0.170898 0.691406 0.146484 0.703125 0.128906 0.721354 0.114258 0.752604 0.109375 0.783854 0.114258 0.819010 0.133789 0.852865 0.152344 0.865885 0.174805 0.869792 0.207031 0.856771 0.223633 0.839844 0.239258 0.807292 0.244141 0.777344 0.239258 0.740885 0.219727 0.707031
0 0.439453 0.479167 0.413086 0.476562 0.395508 0.483073 0.375977 0.500000 0.359375 0.528646 0.352539 0.558594 0.355469 0.595052 0.364258 0.617188 0.377930 0.634115 0.389648 0.641927 0.418945 0.645833 0.442383 0.635417 0.463867 0.611979 0.475586 0.584635 0.479492 0.544271 0.474609 0.520833 0.458008 0.492188
0 0.508789 0.332031 0.486328 0.341146 0.468750 0.360677 0.456055 0.391927 0.453125 0.434896 0.462891 0.471354 0.474609 0.489583 0.497070 0.505208 0.513672 0.506510 0.535156 0.497396 0.554688 0.473958 0.565430 0.446615 0.568359 0.403646 0.557617 0.364583 0.546875 0.348958 0.533203 0.337240
0 0.628906 0.074219 0.613281 0.071615 0.591797 0.082031 0.576172 0.100260 0.566406 0.118490 0.559570 0.141927 0.558594 0.171875 0.564453 0.191406 0.576172 0.205729 0.586914 0.209635 0.605469 0.205729 0.622070 0.192708 0.640625 0.162760 0.648438 0.132812 0.648438 0.109375 0.642578 0.089844
0 0.390625 0.748698 0.385742 0.744792 0.378906 0.744792 0.369141 0.750000 0.358398 0.760417 0.345703 0.781250 0.334961 0.813802 0.334961 0.833333 0.338867 0.841146 0.349609 0.843750 0.364258 0.834635 0.382812 0.807292 0.393555 0.774740 0.393555 0.755208
0 0.952148 0.182292 0.944336 0.180990 0.931641 0.187500 0.922852 0.195312 0.907227 0.217448 0.894531 0.250000 0.893555 0.264323 0.898438 0.274740 0.907227 0.277344 0.916016 0.273438 0.929688 0.261719 0.944336 0.240885 0.955078 0.216146 0.958008 0.201823 0.957031 0.188802
0 0.806641 0.041667 0.798828 0.041667 0.788086 0.049479 0.762695 0.084635 0.746094 0.123698 0.743164 0.145833 0.746094 0.151042 0.753906 0.151042 0.765625 0.141927 0.789062 0.109375 0.806641 0.069010 0.809570 0.046875
0 0.452148 0.667969 0.443359 0.662760 0.431641 0.666667 0.420898 0.675781 0.411133 0.690104 0.402344 0.710938 0.399414 0.725260 0.399414 0.735677 0.404297 0.747396 0.412109 0.751302 0.421875 0.748698 0.434570 0.738281 0.444336 0.723958 0.452148 0.705729 0.456055 0.688802 0.456055 0.678385
0 0.058594 0.906250 0.050781 0.919271 0.045898 0.944010 0.045898 0.964844 0.048828 0.983073 0.055664 0.998698 0.075195 0.998698 0.083008 0.979167 0.084961 0.944010 0.080078 0.919271 0.076172 0.911458 0.068359 0.903646
1 0.336914 0.311198 0.587891 0.311198 0.587891 0.673177 0.336914 0.673177
