0 0.358398 0.371094 0.341797 0.401042 0.338867 0.442708 0.349609 0.483073 0.365234 0.511719 0.386719 0.535156 0.413086 0.550781 0.440430 0.553385 0.466797 0.539062 0.482422 0.510417 0.485352 0.470052 0.479492 0.441406 0.464844 0.408854 0.440430 0.378906 0.415039 0.361979 0.382812 0.358073
0 0.521484 0.513021 0.503906 0.531250 0.491211 0.566406 0.492188 0.606771 0.503906 0.641927 0.525391 0.671875 0.553711 0.690104 0.584961 0.692708 0.611328 0.678385 0.629883 0.648438 0.634766 0.622396 0.630859 0.582031 0.618164 0.550781 0.603516 0.529948 0.571289 0.507812 0.547852 0.503906
0 0.046875 0.117188 0.033203 0.138021 0.027344 0.162760 0.031250 0.201823 0.046875 0.234375 0.064453 0.252604 0.090820 0.265625 0.111328 0.265625 0.134766 0.252604 0.147461 0.234375 0.154297 0.208333 0.151367 0.171875 0.134766 0.135417 0.119141 0.118490 0.089844 0.104167 0.070312 0.104167
0 0.910156 0.619792 0.900391 0.615885 0.888672 0.615885 0.873047 0.623698 0.863281 0.634115 0.855469 0.653646 0.854492 0.671875 0.857422 0.683594 0.866211 0.696615 0.880859 0.704427 0.892578 0.704427 0.906250 0.697917 0.917969 0.686198 0.925781 0.666667 0.926758 0.648438 0.922852 0.634115
0 0.463867 0.052083 0.462891 0.063802 0.466797 0.076823 0.476562 0.092448 0.493164 0.109375 0.506836 0.118490 0.527344 0.125000 0.539062 0.122396 0.545898 0.114583 0.546875 0.102865 0.540039 0.084635 0.525391 0.065104 0.511719 0.053385 0.498047 0.045573 0.482422 0.041667 0.472656 0.042969
0 0.237305 0.270833 0.232422 0.268229 0.216797 0.270833 0.209961 0.276042 0.197266 0.295573 0.192383 0.312500 0.191406 0.325521 0.193359 0.337240 0.200195 0.348958 0.205078 0.351562 0.218750 0.350260 0.229492 0.341146 0.238281 0.328125 0.244141 0.311198 0.246094 0.294271 0.244141 0.282552
0 0.310547 0.684896 0.315430 0.700521 0.322266 0.709635 0.354492 0.742188 0.386719 0.763021 0.397461 0.766927 0.404297 0.766927 0.408203 0.763021 0.403320 0.747396 0.364258 0.705729 0.329102 0.683594 0.314453 0.680990
0 0.058594 0.906250 0.050781 0.919271 0.045898 0.944010 0.045898 0.964844 0.048828 0.983073 0.055664 0.998698 0.075195 0.998698 0.083008 0.979167 0.084961 0.944010 0.080078 0.919271 0.076172 0.911458 0.068359 0.903646
0 0.492188 0.821615 0.491211 0.829427 0.494141 0.838542 0.518555 0.867188 0.535156 0.878906 0.550781 0.885417 0.564453 0.885417 0.568359 0.881510 0.569336 0.873698 0.566406 0.864583 0.551758 0.845052 0.537109 0.832031 0.508789 0.817708 0.496094 0.817708
0 0.305664 0.677083 0.307617 0.690104 0.319336 0.707031 0.335938 0.720052 0.345703 0.721354 0.348633 0.718750 0.346680 0.705729 0.334961 0.688802 0.318359 0.675781 0.308594 0.674479
1 0.323242 0.335938 0.654297 0.335938 0.654297 0.721354 0.323242 0.721354
