0 0.330078 0.184896 0.327148 0.207031 0.335938 0.238281 0.360352 0.266927 0.383789 0.279948 0.417969 0.285156 0.440430 0.278646 0.458984 0.263021 0.468750 0.240885 0.469727 0.225260 0.465820 0.205729 0.453125 0.182292 0.436523 0.165365 0.410156 0.151042 0.392578 0.147135 0.365234 0.149740 0.343750 0.162760
0 0.380859 0.365885 0.361328 0.386719 0.351562 0.411458 0.350586 0.445312 0.360352 0.473958 0.379883 0.497396 0.405273 0.509115 0.429688 0.507812 0.450195 0.496094 0.466797 0.473958 0.473633 0.450521 0.473633 0.421875 0.463867 0.393229 0.444336 0.369792 0.419922 0.358073 0.400391 0.358073
0 0.719727 0.751302 0.711914 0.773438 0.712891 0.800781 0.721680 0.824219 0.740234 0.846354 0.764648 0.860677 0.791016 0.863281 0.813477 0.854167 0.829102 0.835938 0.834961 0.817708 0.833008 0.786458 0.824219 0.765625 0.806641 0.744792 0.785156 0.731771 0.755859 0.727865 0.739258 0.733073
0 0.541016 0.451823 0.523438 0.447917 0.507812 0.453125 0.495117 0.463542 0.481445 0.485677 0.476562 0.505208 0.476562 0.528646 0.483398 0.549479 0.495117 0.563802 0.512695 0.570312 0.527344 0.567708 0.544922 0.555990 0.556641 0.539062 0.564453 0.513021 0.564453 0.489583 0.556641 0.467448 0.548828 0.457031
0 0.432617 0.066406 0.430664 0.091146 0.435547 0.108073 0.449219 0.130208 0.461914 0.141927 0.478516 0.149740 0.495117 0.151042 0.505859 0.145833 0.514648 0.134115 0.516602 0.109375 0.511719 0.092448 0.499023 0.071615 0.485352 0.058594 0.464844 0.049479 0.452148 0.049479 0.441406 0.054688
0 0.091797 0.332031 0.083984 0.346354 0.083008 0.360677 0.087891 0.382812 0.098633 0.402344 0.110352 0.414062 0.125000 0.421875 0.140625 0.421875 0.147461 0.416667 0.154297 0.403646 0.155273 0.389323 0.152344 0.373698 0.139648 0.347656 0.125000 0.333333 0.114258 0.328125 0.103516 0.326823
0 0.058594 0.125000 0.050781 0.141927 0.050781 0.158854 0.057617 0.177083 0.064453 0.184896 0.079102 0.194010 0.092773 0.195312 0.105469 0.190104 0.114258 0.180990 0.119141 0.167969 0.119141 0.151042 0.112305 0.132812 0.105469 0.125000 0.084961 0.114583 0.072266 0.115885
0 0.737305 0.365885 0.736328 0.371094 0.743164 0.385417 0.757812 0.402344 0.782227 0.423177 0.817383 0.442708 0.830078 0.444010 0.833984 0.440104 0.830078 0.427083 0.817383 0.410156 0.788086 0.384115 0.752930 0.364583 0.740234 0.363281
0 0.058594 0.906250 0.050781 0.919271 0.045898 0.944010 0.045898 0.964844 0.048828 0.983073 0.055664 0.998698 0.075195 0.998698 0.083008 0.979167 0.084961 0.944010 0.080078 0.919271 0.076172 0.911458 0.068359 0.903646
1 0.333984 0.337240 0.584961 0.337240 0.584961 0.597656 0.333984 0.597656
