0 0.470703 0.490885 0.453125 0.480469 0.434570 0.477865 0.410156 0.485677 0.388672 0.503906 0.376953 0.522135 0.368164 0.557292 0.372070 0.587240 0.380859 0.604167 0.398438 0.618490 0.421875 0.623698 0.445312 0.617188 0.467773 0.598958 0.481445 0.576823 0.489258 0.545573 0.484375 0.511719
0 0.597656 0.398438 0.585938 0.384115 0.565430 0.375000 0.537109 0.377604 0.513672 0.390625 0.500977 0.403646 0.488281 0.424479 0.482422 0.445312 0.484375 0.475260 0.491211 0.489583 0.500000 0.498698 0.520508 0.507812 0.543945 0.506510 0.572266 0.492188 0.593750 0.466146 0.602539 0.442708 0.603516 0.415365
0 0.777344 0.178385 0.761719 0.166667 0.744141 0.162760 0.721680 0.166667 0.702148 0.178385 0.687500 0.195312 0.673828 0.227865 0.672852 0.247396 0.679688 0.270833 0.685547 0.279948 0.701172 0.291667 0.718750 0.295573 0.749023 0.287760 0.767578 0.273438 0.783203 0.248698 0.790039 0.223958 0.787109 0.196615
0 0.113281 0.126302 0.100586 0.114583 0.080078 0.111979 0.058594 0.119792 0.043945 0.131510 0.026367 0.156250 0.018555 0.178385 0.017578 0.204427 0.024414 0.221354 0.036133 0.231771 0.057617 0.234375 0.080078 0.225260 0.097656 0.209635 0.113281 0.183594 0.118164 0.167969 0.119141 0.141927
0 0.536133 0.286458 0.526367 0.300781 0.523438 0.312500 0.525391 0.341146 0.536133 0.368490 0.553711 0.390625 0.566406 0.398438 0.585938 0.401042 0.599609 0.393229 0.607422 0.378906 0.609375 0.352865 0.605469 0.334635 0.597656 0.315104 0.583008 0.295573 0.563477 0.282552 0.545898 0.281250
0 0.865234 0.070312 0.866211 0.078125 0.876953 0.089844 0.891602 0.096354 0.917969 0.101562 0.943359 0.101562 0.968750 0.096354 0.984375 0.087240 0.990234 0.078125 0.989258 0.070312 0.980469 0.059896 0.963867 0.052083 0.938477 0.046875 0.911133 0.046875 0.890625 0.050781 0.871094 0.061198
0 0.294922 0.622396 0.287109 0.618490 0.273438 0.621094 0.246094 0.640625 0.236328 0.652344 0.225586 0.671875 0.223633 0.684896 0.227539 0.694010 0.234375 0.696615 0.248047 0.694010 0.275391 0.674479 0.294922 0.645833 0.297852 0.634115
0 0.058594 0.906250 0.050781 0.919271 0.045898 0.944010 0.045898 0.964844 0.048828 0.983073 0.055664 0.998698 0.075195 0.998698 0.083008 0.979167 0.084961 0.944010 0.080078 0.919271 0.076172 0.911458 0.068359 0.903646
0 0.565430 0.529948 0.557617 0.527344 0.545898 0.528646 0.535156 0.533854 0.523438 0.544271 0.516602 0.554688 0.512695 0.565104 0.512695 0.579427 0.520508 0.589844 0.528320 0.592448 0.540039 0.591146 0.552734 0.584635 0.561523 0.576823 0.573242 0.554688 0.573242 0.540365
1 0.353516 0.364583 0.612305 0.364583 0.612305 0.649740 0.353516 0.649740
