0 0.617188 0.278646 0.597656 0.270833 0.567383 0.274740 0.540039 0.292969 0.519531 0.319010 0.502930 0.360677 0.499023 0.401042 0.503906 0.428385 0.520508 0.458333 0.542969 0.472656 0.576172 0.471354 0.606445 0.451823 0.631836 0.416667 0.645508 0.375000 0.646484 0.333333 0.634766 0.298177
0 0.418945 0.484375 0.401367 0.502604 0.391602 0.523438 0.387695 0.541667 0.391602 0.576823 0.407227 0.604167 0.437500 0.625000 0.465820 0.627604 0.493164 0.617188 0.513672 0.597656 0.524414 0.575521 0.528320 0.540365 0.523438 0.519531 0.508789 0.494792 0.492188 0.480469 0.466797 0.471354 0.438477 0.473958
0 0.920898 0.644531 0.901367 0.643229 0.890625 0.647135 0.871094 0.664062 0.858398 0.686198 0.851562 0.710938 0.851562 0.733073 0.858398 0.755208 0.868164 0.768229 0.882812 0.776042 0.897461 0.776042 0.908203 0.772135 0.924805 0.759115 0.939453 0.735677 0.947266 0.708333 0.946289 0.680990 0.936523 0.657552
0 0.558594 0.710938 0.550781 0.714844 0.542969 0.725260 0.538086 0.740885 0.537109 0.761719 0.542969 0.783854 0.550781 0.794271 0.558594 0.799479 0.566406 0.799479 0.574219 0.795573 0.582031 0.785156 0.586914 0.769531 0.587891 0.748698 0.582031 0.726562 0.574219 0.716146 0.566406 0.710938
0 0.743164 0.552083 0.735352 0.561198 0.730469 0.575521 0.731445 0.589844 0.740234 0.604167 0.753906 0.611979 0.766602 0.611979 0.782227 0.604167 0.790039 0.595052 0.794922 0.580729 0.794922 0.571615 0.791016 0.558594 0.784180 0.550781 0.771484 0.544271 0.757812 0.544271
0 0.350586 0.389323 0.343750 0.382812 0.333984 0.382812 0.318359 0.388021 0.300781 0.398438 0.285156 0.411458 0.270508 0.428385 0.264648 0.441406 0.265625 0.449219 0.271484 0.453125 0.281250 0.453125 0.296875 0.447917 0.316406 0.436198 0.343750 0.408854 0.349609 0.397135
0 0.058594 0.906250 0.050781 0.919271 0.045898 0.944010 0.045898 0.964844 0.048828 0.983073 0.055664 0.998698 0.075195 0.998698 0.083008 0.979167 0.084961 0.944010 0.080078 0.919271 0.076172 0.911458 0.068359 0.903646
0 0.666992 0.552083 0.659180 0.546875 0.646484 0.546875 0.631836 0.555990 0.622070 0.569010 0.616211 0.584635 0.616211 0.600260 0.620117 0.609375 0.627930 0.614583 0.640625 0.614583 0.655273 0.605469 0.665039 0.592448 0.670898 0.576823 0.670898 0.561198
0 0.221680 0.178385 0.219727 0.184896 0.220703 0.201823 0.226562 0.213542 0.238281 0.225260 0.250000 0.230469 0.260742 0.230469 0.274414 0.220052 0.276367 0.213542 0.275391 0.196615 0.269531 0.184896 0.259766 0.174479 0.246094 0.167969 0.234375 0.167969 0.226562 0.171875
1 0.372070 0.248698 0.666992 0.248698 0.666992 0.656250 0.372070 0.656250
