0 0.392578 0.436198 0.374023 0.472656 0.371094 0.515625 0.378906 0.549479 0.403320 0.591146 0.431641 0.614583 0.458008 0.623698 0.495117 0.618490 0.523438 0.592448 0.535156 0.562500 0.537109 0.523438 0.525391 0.480469 0.504883 0.447917 0.482422 0.428385 0.450195 0.415365 0.418945 0.417969
0 0.904297 0.276042 0.880859 0.264323 0.852539 0.268229 0.824219 0.285156 0.797852 0.315104 0.778320 0.350260 0.766602 0.393229 0.767578 0.434896 0.780273 0.463542 0.802734 0.479167 0.829102 0.479167 0.865234 0.459635 0.893555 0.427083 0.915039 0.384115 0.923828 0.341146 0.920898 0.305990
0 0.567383 0.287760 0.542969 0.299479 0.524414 0.320312 0.512695 0.352865 0.513672 0.390625 0.523438 0.415365 0.547852 0.441406 0.573242 0.450521 0.599609 0.447917 0.625000 0.432292 0.642578 0.406250 0.650391 0.376302 0.648438 0.346354 0.637695 0.320312 0.618164 0.298177 0.595703 0.287760
0 0.087891 0.113281 0.093750 0.140625 0.115234 0.161458 0.146484 0.173177 0.185547 0.174479 0.216797 0.166667 0.246094 0.149740 0.264648 0.126302 0.269531 0.101562 0.261719 0.080729 0.240234 0.061198 0.211914 0.050781 0.171875 0.049479 0.140625 0.057292 0.116211 0.070312 0.095703 0.092448
0 0.199219 0.635417 0.180664 0.625000 0.154297 0.626302 0.127930 0.640625 0.105469 0.665365 0.087891 0.700521 0.082031 0.729167 0.084961 0.764323 0.099609 0.789062 0.119141 0.799479 0.144531 0.798177 0.173828 0.781250 0.194336 0.757812 0.210938 0.723958 0.216797 0.695312 0.213867 0.660156
0 0.026367 0.221354 0.024414 0.240885 0.032227 0.263021 0.043945 0.276042 0.073242 0.290365 0.099609 0.291667 0.123047 0.283854 0.139648 0.269531 0.145508 0.260417 0.149414 0.246094 0.147461 0.226562 0.138672 0.209635 0.118164 0.192708 0.100586 0.186198 0.074219 0.184896 0.055664 0.190104 0.041016 0.199219
0 0.325195 0.454427 0.316406 0.445312 0.298828 0.442708 0.272461 0.450521 0.240234 0.472656 0.216797 0.502604 0.209961 0.522135 0.211914 0.537760 0.223633 0.548177 0.239258 0.549479 0.261719 0.542969 0.282227 0.531250 0.300781 0.515625 0.317383 0.494792 0.327148 0.470052
0 0.430664 0.192708 0.425781 0.190104 0.417969 0.191406 0.403320 0.200521 0.368164 0.238281 0.344727 0.278646 0.341797 0.289062 0.342773 0.302083 0.347656 0.304688 0.355469 0.303385 0.370117 0.294271 0.403320 0.259115 0.427734 0.218750 0.431641 0.205729
0 0.058594 0.906250 0.050781 0.919271 0.045898 0.944010 0.045898 0.964844 0.048828 0.983073 0.055664 0.998698 0.075195 0.998698 0.083008 0.979167 0.084961 0.944010 0.080078 0.919271 0.076172 0.911458 0.068359 0.903646
1 0.337891 0.264323 0.690430 0.264323 0.690430 0.667969 0.337891 0.667969
