0 0.428711 0.462240 0.425781 0.490885 0.436523 0.523438 0.456055 0.545573 0.491211 0.561198 0.526367 0.561198 0.559570 0.546875 0.584961 0.516927 0.591797 0.490885 0.588867 0.462240 0.572266 0.433594 0.551758 0.416667 0.526367 0.407552 0.491211 0.407552 0.461914 0.419271 0.445312 0.433594
0 0.866211 0.674479 0.847656 0.696615 0.836914 0.731771 0.840820 0.768229 0.858398 0.799479 0.887695 0.819010 0.915039 0.821615 0.940430 0.812500 0.962891 0.791667 0.975586 0.761719 0.977539 0.733073 0.970703 0.705729 0.957031 0.683594 0.935547 0.666667 0.915039 0.660156 0.891602 0.661458
0 0.521484 0.308594 0.518555 0.335938 0.527344 0.360677 0.541016 0.377604 0.554688 0.386719 0.580078 0.394531 0.607422 0.393229 0.633789 0.381510 0.657227 0.356771 0.665039 0.332031 0.664062 0.311198 0.646484 0.279948 0.628906 0.266927 0.603516 0.259115 0.577148 0.260417 0.553711 0.269531 0.538086 0.281250
0 0.426758 0.029948 0.413086 0.049479 0.405273 0.079427 0.408203 0.109375 0.426758 0.143229 0.458008 0.162760 0.482422 0.164062 0.509766 0.151042 0.526367 0.131510 0.534180 0.110677 0.536133 0.084635 0.528320 0.054688 0.514648 0.033854 0.496094 0.019531 0.477539 0.013021 0.453125 0.014323
0 0.129883 0.427083 0.114258 0.417969 0.093750 0.419271 0.070312 0.432292 0.056641 0.445312 0.039062 0.471354 0.028320 0.501302 0.026367 0.520833 0.033203 0.545573 0.047852 0.557292 0.066406 0.558594 0.083984 0.552083 0.110352 0.529948 0.124023 0.510417 0.137695 0.475260 0.138672 0.447917
0 0.357422 0.597656 0.355469 0.619792 0.363281 0.641927 0.384766 0.661458 0.408203 0.669271 0.432617 0.667969 0.455078 0.657552 0.470703 0.641927 0.478516 0.619792 0.476562 0.597656 0.468750 0.582031 0.447266 0.563802 0.432617 0.558594 0.408203 0.557292 0.384766 0.565104 0.367188 0.579427
0 0.201172 0.065104 0.189453 0.053385 0.172852 0.049479 0.147461 0.054688 0.120117 0.070312 0.108398 0.080729 0.087891 0.109375 0.081055 0.131510 0.083008 0.148438 0.095703 0.162760 0.112305 0.166667 0.137695 0.161458 0.165039 0.145833 0.186523 0.123698 0.197266 0.106771 0.204102 0.084635
0 0.757812 0.570312 0.750977 0.565104 0.738281 0.569010 0.720703 0.582031 0.705078 0.598958 0.677734 0.640625 0.671875 0.656250 0.671875 0.671875 0.678711 0.677083 0.688477 0.674479 0.708984 0.660156 0.725586 0.641927 0.742188 0.619792 0.751953 0.601562 0.758789 0.580729
0 0.058594 0.906250 0.050781 0.919271 0.045898 0.944010 0.045898 0.964844 0.048828 0.983073 0.055664 0.998698 0.075195 0.998698 0.083008 0.979167 0.084961 0.944010 0.080078 0.919271 0.076172 0.911458 0.068359 0.903646
1 0.339844 0.384115 0.611328 0.384115 0.611328 0.696615 0.339844 0.696615
