0 0.363281 0.105469 0.345703 0.098958 0.317383 0.101562 0.295898 0.114583 0.272461 0.145833 0.262695 0.177083 0.262695 0.212240 0.272461 0.239583 0.291016 0.260417 0.310547 0.268229 0.329102 0.268229 0.347656 0.261719 0.371094 0.240885 0.385742 0.217448 0.394531 0.182292 0.392578 0.151042 0.383789 0.127604
0 0.542969 0.406250 0.526367 0.424479 0.515625 0.455729 0.516602 0.493490 0.527344 0.523438 0.546875 0.548177 0.569336 0.561198 0.593750 0.562500 0.616211 0.550781 0.631836 0.528646 0.639648 0.496094 0.637695 0.467448 0.626953 0.437500 0.610352 0.415365 0.588867 0.401042 0.560547 0.398438
0 0.393555 0.459635 0.382812 0.479167 0.379883 0.503906 0.384766 0.531250 0.394531 0.554688 0.415039 0.580729 0.440430 0.596354 0.466797 0.597656 0.484375 0.585938 0.494141 0.567708 0.497070 0.542969 0.492188 0.515625 0.474609 0.480469 0.452148 0.458333 0.431641 0.449219 0.406250 0.450521
0 0.781250 0.231771 0.776367 0.222656 0.764648 0.216146 0.750977 0.214844 0.733398 0.218750 0.707031 0.235677 0.695312 0.255208 0.695312 0.268229 0.699219 0.276042 0.711914 0.283854 0.725586 0.285156 0.746094 0.279948 0.761719 0.270833 0.774414 0.257812 0.780273 0.247396
0 0.249023 0.277344 0.240234 0.269531 0.231445 0.266927 0.219727 0.268229 0.203125 0.277344 0.194336 0.287760 0.186523 0.305990 0.185547 0.320312 0.190430 0.334635 0.197266 0.341146 0.212891 0.345052 0.228516 0.339844 0.240234 0.330729 0.249023 0.317708 0.253906 0.300781 0.253906 0.290365
0 0.295898 0.630208 0.294922 0.643229 0.299805 0.656250 0.307617 0.665365 0.326172 0.674479 0.340820 0.674479 0.351562 0.670573 0.361328 0.661458 0.367188 0.647135 0.366211 0.634115 0.357422 0.618490 0.335938 0.606771 0.321289 0.606771 0.310547 0.610677 0.303711 0.615885
0 0.181641 0.391927 0.182617 0.401042 0.191406 0.411458 0.217773 0.421875 0.250000 0.419271 0.259766 0.414062 0.265625 0.404948 0.264648 0.395833 0.257812 0.386719 0.247070 0.380208 0.229492 0.375000 0.197266 0.377604 0.187500 0.382812
0 0.058594 0.906250 0.050781 0.919271 0.045898 0.944010 0.045898 0.964844 0.048828 0.983073 0.055664 0.998698 0.075195 0.998698 0.083008 0.979167 0.084961 0.944010 0.080078 0.919271 0.076172 0.911458 0.068359 0.903646
0 0.085938 0.406250 0.072266 0.395833 0.045898 0.398438 0.030273 0.406250 0.018555 0.417969 0.013672 0.427083 0.012695 0.436198 0.016602 0.444010 0.027344 0.450521 0.053711 0.447917 0.072266 0.437500 0.081055 0.428385 0.086914 0.415365
1 0.325195 0.375000 0.669922 0.375000 0.669922 0.645833 0.325195 0.645833
