0 0.880859 0.311198 0.857422 0.303385 0.826172 0.311198 0.794922 0.337240 0.767578 0.384115 0.754883 0.434896 0.754883 0.475260 0.761719 0.503906 0.782227 0.533854 0.810547 0.545573 0.841797 0.537760 0.872070 0.513021 0.899414 0.467448 0.913086 0.414062 0.913086 0.373698 0.900391 0.333333
0 0.533203 0.283854 0.500977 0.307292 0.482422 0.339844 0.475586 0.373698 0.482422 0.428385 0.507812 0.472656 0.529297 0.489583 0.556641 0.498698 0.596680 0.490885 0.621094 0.470052 0.640625 0.432292 0.645508 0.382812 0.638672 0.350260 0.613281 0.305990 0.591797 0.289062 0.565430 0.279948
0 0.601562 0.027344 0.582031 0.019531 0.542969 0.026042 0.513672 0.049479 0.497070 0.074219 0.484375 0.109375 0.481445 0.154948 0.489258 0.187500 0.513672 0.220052 0.538086 0.230469 0.570312 0.226562 0.600586 0.205729 0.622070 0.175781 0.634766 0.140625 0.637695 0.093750 0.625977 0.054688
0 0.897461 0.669271 0.873047 0.664062 0.845703 0.675781 0.826172 0.695312 0.807617 0.731771 0.799805 0.772135 0.802734 0.809896 0.814453 0.838542 0.833008 0.856771 0.857422 0.861979 0.876953 0.855469 0.904297 0.830729 0.919922 0.802083 0.929688 0.763021 0.929688 0.726562 0.917969 0.690104
0 0.419922 0.481771 0.400391 0.496094 0.387695 0.513021 0.380859 0.531250 0.377930 0.563802 0.388672 0.598958 0.408203 0.622396 0.438477 0.635417 0.461914 0.634115 0.489258 0.618490 0.504883 0.598958 0.514648 0.566406 0.512695 0.536458 0.503906 0.513021 0.487305 0.492188 0.467773 0.480469 0.437500 0.476562
0 0.269531 0.467448 0.248047 0.462240 0.224609 0.473958 0.193359 0.510417 0.179688 0.536458 0.167969 0.569010 0.162109 0.602865 0.165039 0.636719 0.179688 0.657552 0.197266 0.660156 0.220703 0.648438 0.250000 0.614583 0.267578 0.582031 0.277344 0.553385 0.283203 0.519531 0.280273 0.485677
0 0.368164 0.225260 0.363281 0.223958 0.350586 0.233073 0.333984 0.252604 0.320312 0.274740 0.298828 0.321615 0.295898 0.337240 0.297852 0.345052 0.302734 0.346354 0.315430 0.337240 0.329102 0.321615 0.345703 0.295573 0.367188 0.248698 0.370117 0.233073
0 0.618164 0.497396 0.616211 0.494792 0.605469 0.496094 0.593750 0.503906 0.569336 0.529948 0.546875 0.566406 0.541992 0.579427 0.541992 0.591146 0.543945 0.593750 0.551758 0.593750 0.562500 0.587240 0.591797 0.557292 0.613281 0.522135 0.618164 0.507812
0 0.058594 0.906250 0.050781 0.919271 0.045898 0.944010 0.045898 0.964844 0.048828 0.983073 0.055664 0.998698 0.075195 0.998698 0.083008 0.979167 0.084961 0.944010 0.080078 0.919271 0.076172 0.911458 0.068359 0.903646
1 0.328125 0.233073 0.686523 0.233073 0.686523 0.658854 0.328125 0.658854
