0 0.400391 0.281250 0.379883 0.312500 0.371094 0.348958 0.374023 0.394531 0.396484 0.450521 0.424805 0.483073 0.469727 0.505208 0.505859 0.502604 0.538086 0.479167 0.555664 0.445312 0.560547 0.391927 0.552734 0.355469 0.531250 0.312500 0.496094 0.277344 0.461914 0.263021 0.429688 0.264323
0 0.467773 0.533854 0.444336 0.563802 0.434570 0.602865 0.440430 0.645833 0.461914 0.682292 0.491211 0.703125 0.525391 0.707031 0.555664 0.694010 0.575195 0.673177 0.588867 0.638021 0.589844 0.601562 0.581055 0.570312 0.560547 0.540365 0.540039 0.526042 0.520508 0.519531 0.493164 0.520833
0 0.854492 0.709635 0.845703 0.727865 0.844727 0.757812 0.857422 0.803385 0.867188 0.821615 0.887695 0.845052 0.900391 0.851562 0.916992 0.848958 0.921875 0.843750 0.927734 0.829427 0.928711 0.799479 0.923828 0.776042 0.913086 0.747396 0.896484 0.722656 0.879883 0.708333 0.861328 0.705729
0 0.944336 0.190104 0.936523 0.197917 0.930664 0.213542 0.929688 0.226562 0.933594 0.248698 0.939453 0.263021 0.953125 0.279948 0.963867 0.285156 0.977539 0.282552 0.986328 0.270833 0.989258 0.260417 0.990234 0.246094 0.987305 0.227865 0.980469 0.210938 0.969727 0.196615 0.956055 0.188802
0 0.167969 0.506510 0.160156 0.513021 0.154297 0.529948 0.154297 0.552083 0.158203 0.570312 0.172852 0.601562 0.184570 0.611979 0.195312 0.613281 0.203125 0.606771 0.208984 0.589844 0.208984 0.569010 0.204102 0.545573 0.193359 0.522135 0.184570 0.511719 0.174805 0.506510
0 0.196289 0.658854 0.189453 0.662760 0.181641 0.677083 0.179688 0.688802 0.181641 0.714844 0.189453 0.736979 0.199219 0.751302 0.210938 0.757812 0.218750 0.756510 0.227539 0.747396 0.232422 0.727865 0.230469 0.701823 0.222656 0.679688 0.213867 0.666667 0.208008 0.661458
0 0.384766 0.611979 0.376953 0.617188 0.370117 0.627604 0.365234 0.645833 0.365234 0.664062 0.368164 0.678385 0.374023 0.691406 0.383789 0.701823 0.394531 0.703125 0.402344 0.697917 0.410156 0.686198 0.414062 0.669271 0.414062 0.651042 0.411133 0.636719 0.404297 0.622396 0.395508 0.613281
0 0.792969 0.388021 0.788086 0.395833 0.787109 0.411458 0.794922 0.442708 0.802734 0.459635 0.816406 0.479167 0.824219 0.485677 0.833984 0.486979 0.838867 0.479167 0.839844 0.463542 0.833008 0.434896 0.826172 0.419271 0.811523 0.397135 0.802734 0.389323
0 0.058594 0.906250 0.050781 0.919271 0.045898 0.944010 0.045898 0.964844 0.048828 0.983073 0.055664 0.998698 0.075195 0.998698 0.083008 0.979167 0.084961 0.944010 0.080078 0.919271 0.076172 0.911458 0.068359 0.903646
1 0.355469 0.216146 0.613281 0.216146 0.613281 0.768229 0.355469 0.768229
