0 0.481445 0.365885 0.471680 0.403646 0.477539 0.441406 0.501953 0.481771 0.525391 0.500000 0.565430 0.511719 0.594727 0.506510 0.622070 0.486979 0.637695 0.458333 0.641602 0.425781 0.631836 0.386719 0.611328 0.356771 0.587891 0.338542 0.560547 0.328125 0.531250 0.328125 0.505859 0.338542
0 0.326172 0.428385 0.314453 0.458333 0.314453 0.498698 0.327148 0.533854 0.354492 0.566406 0.385742 0.583333 0.420898 0.584635 0.445312 0.572917 0.467773 0.542969 0.474609 0.507812 0.469727 0.473958 0.455078 0.442708 0.429688 0.415365 0.401367 0.401042 0.373047 0.398438 0.351562 0.404948
0 0.139648 0.283854 0.131836 0.294271 0.128906 0.303385 0.128906 0.320312 0.136719 0.341146 0.145508 0.352865 0.162109 0.363281 0.178711 0.364583 0.187500 0.360677 0.197266 0.347656 0.199219 0.339844 0.199219 0.322917 0.190430 0.300781 0.182617 0.290365 0.166016 0.279948 0.149414 0.278646
0 0.227539 0.285156 0.217773 0.302083 0.216797 0.316406 0.220703 0.328125 0.234375 0.341146 0.242188 0.343750 0.262695 0.341146 0.273438 0.333333 0.282227 0.317708 0.283203 0.303385 0.281250 0.295573 0.265625 0.278646 0.245117 0.276042
0 0.204102 0.233073 0.206055 0.246094 0.214844 0.256510 0.229492 0.263021 0.246094 0.263021 0.260742 0.257812 0.273438 0.247396 0.277344 0.239583 0.278320 0.227865 0.274414 0.218750 0.263672 0.209635 0.252930 0.205729 0.236328 0.205729 0.216797 0.213542 0.208008 0.222656
0 0.754883 0.738281 0.754883 0.746094 0.763672 0.761719 0.778320 0.773438 0.805664 0.783854 0.824219 0.783854 0.833984 0.778646 0.836914 0.773438 0.836914 0.764323 0.829102 0.750000 0.803711 0.731771 0.786133 0.726562 0.767578 0.726562 0.759766 0.730469
0 0.775391 0.526042 0.771484 0.533854 0.770508 0.545573 0.772461 0.555990 0.780273 0.572917 0.798828 0.592448 0.808594 0.596354 0.823242 0.592448 0.828125 0.583333 0.829102 0.571615 0.820312 0.545573 0.807617 0.529948 0.794922 0.522135 0.784180 0.520833
0 0.058594 0.906250 0.050781 0.919271 0.045898 0.944010 0.045898 0.964844 0.048828 0.983073 0.055664 0.998698 0.075195 0.998698 0.083008 0.979167 0.084961 0.944010 0.080078 0.919271 0.076172 0.911458 0.068359 0.903646
0 0.685547 0.631510 0.675781 0.630208 0.666992 0.634115 0.656250 0.645833 0.649414 0.661458 0.646484 0.675781 0.647461 0.690104 0.650391 0.699219 0.658203 0.707031 0.667969 0.708333 0.678711 0.703125 0.686523 0.694010 0.695312 0.674479 0.697266 0.662760 0.696289 0.648438 0.692383 0.638021
1 0.249023 0.302083 0.709961 0.302083 0.709961 0.621094 0.249023 0.621094
