0 0.463867 0.324219 0.443359 0.328125 0.424805 0.342448 0.408203 0.368490 0.396484 0.414062 0.397461 0.453125 0.408203 0.489583 0.424805 0.513021 0.449219 0.524740 0.470703 0.520833 0.490234 0.505208 0.506836 0.477865 0.517578 0.433594 0.516602 0.395833 0.507812 0.363281 0.493164 0.339844 0.477539 0.328125
0 0.566406 0.423177 0.546875 0.430990 0.529297 0.451823 0.518555 0.483073 0.517578 0.515625 0.527344 0.552083 0.540039 0.571615 0.560547 0.587240 0.580078 0.589844 0.604492 0.578125 0.618164 0.559896 0.627930 0.529948 0.628906 0.497396 0.620117 0.463542 0.606445 0.441406 0.585938 0.425781
0 0.626953 0.744792 0.620117 0.740885 0.606445 0.740885 0.591797 0.750000 0.582031 0.764323 0.576172 0.783854 0.576172 0.796875 0.579102 0.808594 0.587891 0.820312 0.594727 0.824219 0.612305 0.822917 0.623047 0.815104 0.630859 0.804688 0.637695 0.787760 0.638672 0.769531 0.635742 0.756510
0 0.463867 0.062500 0.455078 0.058594 0.445312 0.061198 0.430664 0.071615 0.416992 0.089844 0.407227 0.111979 0.404297 0.130208 0.406250 0.140625 0.411133 0.147135 0.417969 0.149740 0.430664 0.145833 0.442383 0.136719 0.455078 0.119792 0.467773 0.088542 0.468750 0.078125
0 0.522461 0.608073 0.522461 0.617188 0.528320 0.630208 0.538086 0.641927 0.560547 0.658854 0.589844 0.669271 0.600586 0.667969 0.608398 0.660156 0.608398 0.651042 0.598633 0.632812 0.572266 0.610677 0.541016 0.598958 0.527344 0.601562
0 0.525391 0.729167 0.518555 0.738281 0.514648 0.751302 0.514648 0.772135 0.518555 0.791667 0.527344 0.811198 0.537109 0.822917 0.544922 0.826823 0.551758 0.825521 0.557617 0.820312 0.563477 0.803385 0.563477 0.782552 0.559570 0.763021 0.550781 0.743490 0.541016 0.731771 0.532227 0.727865
0 0.151367 0.248698 0.139648 0.255208 0.130859 0.265625 0.125977 0.278646 0.125000 0.290365 0.128906 0.305990 0.136719 0.316406 0.146484 0.321615 0.161133 0.321615 0.174805 0.313802 0.181641 0.304688 0.186523 0.291667 0.187500 0.279948 0.183594 0.264323 0.175781 0.253906 0.166016 0.248698
0 0.656250 0.319010 0.647461 0.311198 0.634766 0.307292 0.614258 0.312500 0.598633 0.329427 0.594727 0.343750 0.595703 0.352865 0.601562 0.363281 0.613281 0.371094 0.625000 0.372396 0.641602 0.367188 0.648438 0.361979 0.660156 0.342448 0.660156 0.326823
0 0.058594 0.906250 0.050781 0.919271 0.045898 0.944010 0.045898 0.964844 0.048828 0.983073 0.055664 0.998698 0.075195 0.998698 0.083008 0.979167 0.084961 0.944010 0.080078 0.919271 0.076172 0.911458 0.068359 0.903646
1 0.380859 0.302083 0.648438 0.302083 0.648438 0.615885 0.380859 0.615885
