0 0.000000 0.000000 0.000000 0.998698 0.083984 0.998698 0.133789 0.571615 0.135742 0.000000
0 0.443359 0.321615 0.406250 0.337240 0.384766 0.361979 0.372070 0.394531 0.370117 0.425781 0.376953 0.455729 0.397461 0.486979 0.424805 0.505208 0.458984 0.509115 0.488281 0.498698 0.517578 0.468750 0.530273 0.436198 0.532227 0.404948 0.522461 0.368490 0.504883 0.343750 0.480469 0.326823
0 0.566406 0.455729 0.548828 0.463542 0.525391 0.492188 0.517578 0.515625 0.517578 0.548177 0.531250 0.583333 0.544922 0.597656 0.566406 0.609375 0.597656 0.608073 0.620117 0.593750 0.634766 0.572917 0.642578 0.549479 0.642578 0.516927 0.632812 0.488281 0.615234 0.467448 0.587891 0.454427
0 0.262695 0.152344 0.250000 0.145833 0.231445 0.148438 0.219727 0.156250 0.206055 0.173177 0.197266 0.191406 0.192383 0.216146 0.195312 0.242188 0.203125 0.256510 0.214844 0.264323 0.229492 0.265625 0.249023 0.255208 0.263672 0.236979 0.274414 0.209635 0.276367 0.184896 0.271484 0.164062
0 0.169922 0.074219 0.163086 0.062500 0.147461 0.052083 0.129883 0.049479 0.112305 0.053385 0.096680 0.063802 0.083008 0.082031 0.079102 0.098958 0.080078 0.109375 0.088867 0.127604 0.104492 0.138021 0.122070 0.140625 0.139648 0.136719 0.154297 0.127604 0.166992 0.111979 0.172852 0.091146
0 0.707031 0.611979 0.702148 0.602865 0.690430 0.595052 0.674805 0.593750 0.663086 0.596354 0.638672 0.610677 0.628906 0.625000 0.626953 0.640625 0.632812 0.651042 0.644531 0.657552 0.660156 0.658854 0.674805 0.654948 0.689453 0.647135 0.697266 0.639323 0.706055 0.625000
0 0.774414 0.739583 0.772461 0.744792 0.773438 0.760417 0.780273 0.774740 0.793945 0.791667 0.817383 0.805990 0.831055 0.805990 0.838867 0.799479 0.840820 0.794271 0.839844 0.779948 0.833984 0.765625 0.822266 0.750000 0.807617 0.738281 0.795898 0.733073 0.782227 0.733073
0 0.058594 0.906250 0.050781 0.919271 0.045898 0.944010 0.045898 0.964844 0.048828 0.983073 0.055664 0.998698 0.075195 0.998698 0.083008 0.979167 0.084961 0.944010 0.080078 0.919271 0.076172 0.911458 0.068359 0.903646
0 0.067383 0.519531 0.066406 0.529948 0.070312 0.541667 0.091797 0.572917 0.118164 0.595052 0.125000 0.597656 0.134766 0.597656 0.137695 0.595052 0.138672 0.584635 0.132812 0.569010 0.112305 0.540365 0.098633 0.527344 0.083984 0.518229 0.069336 0.516927
0 0.667969 0.402344 0.665039 0.407552 0.666016 0.419271 0.681641 0.451823 0.707031 0.480469 0.718750 0.488281 0.730469 0.488281 0.733398 0.483073 0.730469 0.464844 0.716797 0.438802 0.691406 0.410156 0.675781 0.401042
1 0.355469 0.299479 0.663086 0.299479 0.663086 0.638021 0.355469 0.638021
