0 0.470703 0.468750 0.442383 0.467448 0.416992 0.481771 0.397461 0.503906 0.378906 0.542969 0.372070 0.580729 0.375000 0.619792 0.386719 0.648438 0.408203 0.667969 0.432617 0.671875 0.463867 0.656250 0.489258 0.625000 0.501953 0.595052 0.508789 0.558594 0.505859 0.518229 0.494141 0.489583
0 0.513672 0.316406 0.499023 0.326823 0.491211 0.337240 0.481445 0.361979 0.479492 0.393229 0.485352 0.420573 0.501953 0.447917 0.515625 0.459635 0.530273 0.464844 0.543945 0.464844 0.557617 0.459635 0.574219 0.442708 0.584961 0.416667 0.586914 0.385417 0.581055 0.358073 0.575195 0.345052 0.554688 0.321615 0.536133 0.313802
0 0.600586 0.235677 0.587891 0.238281 0.574219 0.253906 0.567383 0.276042 0.567383 0.295573 0.571289 0.311198 0.580078 0.324219 0.590820 0.329427 0.600586 0.328125 0.609375 0.321615 0.619141 0.307292 0.624023 0.289062 0.624023 0.269531 0.620117 0.253906 0.611328 0.240885
0 0.081055 0.121094 0.072266 0.122396 0.060547 0.135417 0.053711 0.149740 0.047852 0.179688 0.048828 0.199219 0.054688 0.214844 0.061523 0.220052 0.067383 0.220052 0.076172 0.213542 0.086914 0.196615 0.091797 0.180990 0.094727 0.161458 0.093750 0.141927 0.087891 0.126302
0 0.473633 0.309896 0.465820 0.308594 0.457031 0.312500 0.443359 0.324219 0.433594 0.337240 0.416992 0.371094 0.415039 0.378906 0.416992 0.397135 0.426758 0.399740 0.435547 0.395833 0.449219 0.384115 0.458984 0.371094 0.476562 0.334635 0.477539 0.316406
0 0.058594 0.906250 0.050781 0.919271 0.045898 0.944010 0.045898 0.964844 0.048828 0.983073 0.055664 0.998698 0.075195 0.998698 0.083008 0.979167 0.084961 0.944010 0.080078 0.919271 0.076172 0.911458 0.068359 0.903646
0 0.174805 0.028646 0.158203 0.041667 0.153320 0.057292 0.153320 0.071615 0.163086 0.093750 0.172852 0.100260 0.184570 0.101562 0.195312 0.095052 0.203125 0.084635 0.206055 0.074219 0.206055 0.058594 0.201172 0.044271 0.193359 0.033854
0 0.042969 0.722656 0.040039 0.733073 0.041016 0.746094 0.053711 0.768229 0.063477 0.774740 0.077148 0.777344 0.090820 0.770833 0.095703 0.764323 0.098633 0.753906 0.097656 0.740885 0.084961 0.718750 0.075195 0.712240 0.062500 0.709635 0.055664 0.710938
0 0.894531 0.569010 0.884766 0.567708 0.875977 0.571615 0.865234 0.583333 0.858398 0.598958 0.855469 0.613281 0.856445 0.627604 0.859375 0.636719 0.867188 0.644531 0.876953 0.645833 0.887695 0.640625 0.895508 0.631510 0.904297 0.611979 0.906250 0.600260 0.905273 0.585938 0.901367 0.575521
1 0.356445 0.290365 0.606445 0.290365 0.606445 0.697917 0.356445 0.697917
