0 0.266602 0.117188 0.249023 0.095052 0.221680 0.080729 0.193359 0.078125 0.155273 0.089844 0.125977 0.113281 0.106445 0.144531 0.098633 0.180990 0.102539 0.210938 0.118164 0.238281 0.146484 0.257812 0.181641 0.263021 0.219727 0.251302 0.250977 0.225260 0.269531 0.194010 0.276367 0.153646
0 0.464844 0.444010 0.447266 0.432292 0.418945 0.428385 0.390625 0.437500 0.371094 0.451823 0.355469 0.470052 0.341797 0.498698 0.337891 0.533854 0.343750 0.557292 0.358398 0.576823 0.388672 0.589844 0.421875 0.584635 0.445312 0.570312 0.467773 0.542969 0.481445 0.506510 0.479492 0.468750
0 0.531250 0.360677 0.508789 0.371094 0.493164 0.390625 0.485352 0.412760 0.483398 0.441406 0.491211 0.471354 0.506836 0.493490 0.527344 0.505208 0.546875 0.506510 0.569336 0.496094 0.582031 0.481771 0.592773 0.454427 0.594727 0.425781 0.586914 0.395833 0.575195 0.377604 0.551758 0.361979
0 0.113281 0.464844 0.111328 0.485677 0.120117 0.509115 0.135742 0.526042 0.154297 0.536458 0.183594 0.539062 0.195312 0.535156 0.209961 0.522135 0.216797 0.503906 0.215820 0.485677 0.208008 0.467448 0.192383 0.450521 0.177734 0.441406 0.164062 0.437500 0.135742 0.440104 0.120117 0.451823
0 0.610352 0.085938 0.600586 0.078125 0.583008 0.072917 0.567383 0.074219 0.545898 0.084635 0.529297 0.105469 0.524414 0.118490 0.523438 0.141927 0.527344 0.153646 0.541992 0.171875 0.563477 0.179688 0.583008 0.177083 0.603516 0.165365 0.617188 0.147135 0.623047 0.128906 0.622070 0.106771
0 0.816406 0.373698 0.813477 0.380208 0.814453 0.397135 0.821289 0.412760 0.833984 0.429688 0.845703 0.440104 0.860352 0.447917 0.874023 0.449219 0.882812 0.444010 0.885742 0.437500 0.883789 0.417969 0.877930 0.404948 0.865234 0.388021 0.838867 0.369792 0.825195 0.368490
0 0.402344 0.149740 0.393555 0.143229 0.377930 0.143229 0.355469 0.154948 0.347656 0.161458 0.334961 0.179688 0.332031 0.190104 0.333984 0.201823 0.342773 0.208333 0.358398 0.208333 0.380859 0.196615 0.388672 0.190104 0.401367 0.171875 0.404297 0.161458
0 0.058594 0.906250 0.050781 0.919271 0.045898 0.944010 0.045898 0.964844 0.048828 0.983073 0.055664 0.998698 0.075195 0.998698 0.083008 0.979167 0.084961 0.944010 0.080078 0.919271 0.076172 0.911458 0.068359 0.903646
0 0.436523 0.812500 0.436523 0.820312 0.444336 0.833333 0.466797 0.843750 0.482422 0.843750 0.494141 0.839844 0.501953 0.834635 0.508789 0.822917 0.507812 0.811198 0.500000 0.800781 0.478516 0.791667 0.463867 0.791667 0.451172 0.795573 0.443359 0.800781
1 0.324219 0.339844 0.616211 0.339844 0.616211 0.614583 0.324219 0.614583
