0 0.537109 0.423177 0.520508 0.429688 0.505859 0.445312 0.495117 0.473958 0.494141 0.498698 0.501953 0.527344 0.511719 0.541667 0.530273 0.554688 0.546875 0.555990 0.568359 0.545573 0.581055 0.528646 0.588867 0.505208 0.589844 0.480469 0.583984 0.455729 0.571289 0.436198 0.553711 0.424479
0 0.162109 0.317708 0.157227 0.334635 0.158203 0.354167 0.166016 0.372396 0.184570 0.391927 0.206055 0.401042 0.227539 0.399740 0.242188 0.391927 0.251953 0.380208 0.254883 0.372396 0.256836 0.348958 0.253906 0.337240 0.240234 0.315104 0.225586 0.303385 0.207031 0.296875 0.191406 0.296875 0.173828 0.304688
0 0.056641 0.074219 0.056641 0.087240 0.068359 0.106771 0.083008 0.119792 0.107422 0.132812 0.131836 0.139323 0.158203 0.139323 0.174805 0.132812 0.183594 0.119792 0.183594 0.108073 0.170898 0.087240 0.151367 0.071615 0.132812 0.062500 0.108398 0.055990 0.082031 0.055990 0.065430 0.062500
0 0.560547 0.235677 0.552734 0.247396 0.550781 0.270833 0.554688 0.289062 0.567383 0.316406 0.583984 0.337240 0.603516 0.350260 0.619141 0.352865 0.633789 0.345052 0.639648 0.332031 0.640625 0.312500 0.635742 0.291667 0.624023 0.266927 0.607422 0.246094 0.590820 0.234375 0.572266 0.230469
0 0.500977 0.035156 0.492188 0.045573 0.487305 0.065104 0.488281 0.089844 0.493164 0.111979 0.503906 0.138021 0.521484 0.161458 0.534180 0.169271 0.547852 0.167969 0.557617 0.154948 0.561523 0.136719 0.560547 0.114583 0.555664 0.091146 0.541016 0.058594 0.527344 0.041667 0.514648 0.033854
0 0.478516 0.411458 0.470703 0.407552 0.450195 0.410156 0.438477 0.419271 0.426758 0.436198 0.418945 0.457031 0.417969 0.481771 0.420898 0.493490 0.429688 0.506510 0.439453 0.511719 0.453125 0.511719 0.461914 0.507812 0.471680 0.500000 0.484375 0.481771 0.492188 0.457031 0.492188 0.437500 0.487305 0.421875
0 0.207031 0.604167 0.193359 0.617188 0.186523 0.636719 0.186523 0.654948 0.192383 0.674479 0.206055 0.692708 0.217773 0.699219 0.231445 0.700521 0.244141 0.695312 0.255859 0.680990 0.260742 0.665365 0.260742 0.647135 0.254883 0.627604 0.244141 0.611979 0.232422 0.604167 0.223633 0.601562
0 0.696289 0.562500 0.681641 0.559896 0.669922 0.565104 0.653320 0.587240 0.648438 0.604167 0.648438 0.623698 0.652344 0.636719 0.661133 0.647135 0.668945 0.651042 0.684570 0.648438 0.695312 0.640625 0.705078 0.626302 0.710938 0.606771 0.710938 0.587240 0.707031 0.574219
0 0.058594 0.906250 0.050781 0.919271 0.045898 0.944010 0.045898 0.964844 0.048828 0.983073 0.055664 0.998698 0.075195 0.998698 0.083008 0.979167 0.084961 0.944010 0.080078 0.919271 0.076172 0.911458 0.068359 0.903646
1 0.397461 0.377604 0.606445 0.377604 0.606445 0.591146 0.397461 0.591146
