0 0.235352 0.373698 0.226562 0.421875 0.240234 0.476562 0.274414 0.539062 0.328125 0.601562 0.380859 0.643229 0.452148 0.675781 0.508789 0.677083 0.542969 0.651042 0.552734 0.600260 0.539062 0.546875 0.503906 0.483073 0.455078 0.425781 0.396484 0.378906 0.327148 0.347656 0.270508 0.346354
0 0.426758 0.549479 0.417969 0.572917 0.417969 0.604167 0.430664 0.636719 0.452148 0.661458 0.480469 0.675781 0.506836 0.677083 0.533203 0.664062 0.546875 0.645833 0.553711 0.621094 0.550781 0.588542 0.536133 0.557292 0.518555 0.539062 0.490234 0.524740 0.463867 0.523438 0.437500 0.536458
0 0.454102 0.354167 0.438477 0.375000 0.431641 0.401042 0.433594 0.432292 0.443359 0.458333 0.462891 0.481771 0.492188 0.496094 0.517578 0.493490 0.540039 0.476562 0.547852 0.463542 0.554688 0.437500 0.552734 0.406250 0.541992 0.378906 0.522461 0.355469 0.500977 0.343750 0.477539 0.342448
0 0.034180 0.700521 0.031250 0.705729 0.031250 0.714844 0.038086 0.735677 0.066406 0.779948 0.084961 0.800781 0.105469 0.816406 0.117188 0.819010 0.123047 0.813802 0.123047 0.803385 0.117188 0.785156 0.106445 0.764323 0.087891 0.738281 0.058594 0.708333 0.041992 0.699219
0 0.658203 0.654948 0.651367 0.664062 0.647461 0.675781 0.647461 0.699219 0.651367 0.714844 0.665039 0.739583 0.678711 0.748698 0.688477 0.748698 0.700195 0.736979 0.704102 0.725260 0.702148 0.692708 0.694336 0.673177 0.683594 0.658854 0.671875 0.652344
0 0.616211 0.390625 0.608398 0.397135 0.602539 0.410156 0.601562 0.434896 0.603516 0.445312 0.612305 0.467448 0.622070 0.479167 0.630859 0.484375 0.641602 0.484375 0.649414 0.477865 0.656250 0.459635 0.656250 0.440104 0.649414 0.415365 0.639648 0.399740 0.626953 0.390625
0 0.584961 0.339844 0.585938 0.350260 0.592773 0.360677 0.602539 0.368490 0.621094 0.375000 0.650391 0.372396 0.658203 0.367188 0.665039 0.355469 0.665039 0.348958 0.657227 0.334635 0.647461 0.326823 0.629883 0.320312 0.599609 0.322917 0.591797 0.328125
0 0.058594 0.906250 0.050781 0.919271 0.045898 0.944010 0.045898 0.964844 0.048828 0.983073 0.055664 0.998698 0.075195 0.998698 0.083008 0.979167 0.084961 0.944010 0.080078 0.919271 0.076172 0.911458 0.068359 0.903646
0 0.883789 0.376302 0.878906 0.386719 0.878906 0.398438 0.888672 0.425781 0.908203 0.446615 0.916992 0.450521 0.929688 0.447917 0.934570 0.440104 0.935547 0.424479 0.927734 0.401042 0.916992 0.385417 0.908203 0.377604 0.897461 0.372396 0.889648 0.372396
0 0.038086 0.330729 0.037109 0.335938 0.041016 0.348958 0.050781 0.359375 0.069336 0.368490 0.087891 0.369792 0.096680 0.367188 0.107422 0.356771 0.109375 0.348958 0.107422 0.339844 0.098633 0.328125 0.077148 0.316406 0.053711 0.316406 0.043945 0.321615
1 0.387695 0.307292 0.585938 0.307292 0.585938 0.727865 0.387695 0.727865
