0 0.665039 0.460938 0.646484 0.440104 0.610352 0.423177 0.572266 0.423177 0.541016 0.434896 0.509766 0.460938 0.490234 0.493490 0.483398 0.520833 0.487305 0.562500 0.505859 0.595052 0.535156 0.615885 0.581055 0.622396 0.621094 0.609375 0.652344 0.583333 0.674805 0.541667 0.678711 0.501302
0 0.416016 0.343750 0.387695 0.342448 0.364258 0.354167 0.343750 0.376302 0.326172 0.414062 0.320312 0.444010 0.324219 0.497396 0.336914 0.526042 0.362305 0.548177 0.386719 0.552083 0.415039 0.540365 0.437500 0.516927 0.456055 0.475260 0.460938 0.449219 0.460938 0.416667 0.455078 0.389323 0.439453 0.360677
0 0.703125 0.690104 0.677734 0.708333 0.658203 0.743490 0.653320 0.768229 0.658203 0.817708 0.671875 0.846354 0.698242 0.872396 0.723633 0.881510 0.757812 0.875000 0.777344 0.859375 0.796875 0.824219 0.801758 0.799479 0.797852 0.753906 0.788086 0.729167 0.766602 0.701823 0.731445 0.686198
0 0.046875 0.393229 0.046875 0.416667 0.056641 0.441406 0.076172 0.463542 0.098633 0.477865 0.122070 0.484375 0.154297 0.480469 0.169922 0.468750 0.179688 0.450521 0.179688 0.427083 0.169922 0.402344 0.150391 0.380208 0.121094 0.363281 0.104492 0.359375 0.075195 0.361979 0.058594 0.372396
0 0.145508 0.523438 0.135742 0.545573 0.135742 0.569010 0.145508 0.595052 0.158203 0.611979 0.179688 0.626302 0.204102 0.630208 0.225586 0.621094 0.237305 0.605469 0.242188 0.585938 0.241211 0.569010 0.232422 0.544271 0.218750 0.526042 0.203125 0.514323 0.182617 0.507812 0.162109 0.510417
0 0.021484 0.548177 0.021484 0.553385 0.035156 0.572917 0.062500 0.596354 0.085938 0.611979 0.123047 0.630208 0.142578 0.632812 0.146484 0.628906 0.141602 0.614583 0.132812 0.604167 0.085938 0.567708 0.044922 0.546875 0.025391 0.544271
0 0.906250 0.154948 0.904297 0.165365 0.908203 0.179688 0.916992 0.191406 0.931641 0.203125 0.946289 0.208333 0.962891 0.208333 0.974609 0.201823 0.979492 0.192708 0.980469 0.186198 0.976562 0.171875 0.966797 0.158854 0.953125 0.148438 0.938477 0.143229 0.921875 0.143229 0.913086 0.147135
0 0.821289 0.438802 0.812500 0.433594 0.800781 0.437500 0.790039 0.446615 0.780273 0.460938 0.771484 0.481771 0.768555 0.496094 0.768555 0.506510 0.773438 0.518229 0.781250 0.522135 0.791016 0.519531 0.803711 0.509115 0.813477 0.494792 0.821289 0.476562 0.825195 0.459635 0.825195 0.449219
0 0.058594 0.906250 0.050781 0.919271 0.045898 0.944010 0.045898 0.964844 0.048828 0.983073 0.055664 0.998698 0.075195 0.998698 0.083008 0.979167 0.084961 0.944010 0.080078 0.919271 0.076172 0.911458 0.068359 0.903646
1 0.269531 0.309896 0.765625 0.309896 0.765625 0.694010 0.269531 0.694010
